-1.177021276595744625e+00 5.000000000000000000e+00
-5.000000000000000000e+00 3.228936170212766577e+00
-5.000000000000000000e+00 4.534468085106383661e+00
-5.000000000000000000e+00 2.845106382978723758e+00
-3.825531914893616658e+00 5.000000000000000000e+00
-1.917446808510637979e+00 5.000000000000000000e+00
-5.000000000000000000e+00 4.418723404255318954e+00
-3.125106382978723563e+00 5.000000000000000000e+00
-1.042553191489361541e+00 5.000000000000000000e+00
-5.000000000000000000e+00 2.610212765957446557e+00
-4.978723404255315788e-01 5.000000000000000000e+00
-5.000000000000000000e+00 3.522553191489362412e+00
-5.000000000000000000e+00 1.494468085106382960e+00
-5.000000000000000000e+00 3.844255319148936145e+00
-3.063829787234042534e+00 5.000000000000000000e+00
-5.000000000000000000e+00 8.519148936170212183e-01
-8.076595744680846733e-01 5.000000000000000000e+00
-4.519999999999999574e+00 5.000000000000000000e+00
-5.000000000000000000e+00 1.330212765957446974e+00
-5.000000000000000000e+00 2.279148936170213524e+00
