-1.048333333333333339e+00 5.000000000000000000e+00
-5.000000000000000000e+00 3.057500000000000995e+00
-5.000000000000000000e+00 4.335833333333334316e+00
-5.000000000000000000e+00 2.681666666666667087e+00
-3.641666666666666607e+00 5.000000000000000000e+00
-1.773333333333332984e+00 5.000000000000000000e+00
-5.000000000000000000e+00 4.222500000000000142e+00
-2.955833333333333535e+00 5.000000000000000000e+00
-9.166666666666664076e-01 5.000000000000000000e+00
-5.000000000000000000e+00 2.451666666666666661e+00
-3.833333333333330262e-01 5.000000000000000000e+00
-5.000000000000000000e+00 3.345000000000000639e+00
-5.000000000000000000e+00 1.359166666666666634e+00
-5.000000000000000000e+00 3.660000000000000142e+00
-2.895833333333333481e+00 5.000000000000000000e+00
-5.000000000000000000e+00 7.299999999999999822e-01
-6.866666666666663144e-01 5.000000000000000000e+00
-4.321666666666666323e+00 5.000000000000000000e+00
-5.000000000000000000e+00 1.198333333333333472e+00
-5.000000000000000000e+00 2.127500000000000391e+00
