-8.650505050505050697e-01 5.000000000000000000e+00
-5.000000000000000000e+00 2.813333333333333908e+00
-5.000000000000000000e+00 4.052929292929293936e+00
-5.000000000000000000e+00 2.448888888888889337e+00
-3.379797979797979579e+00 5.000000000000000000e+00
-1.568080808080807742e+00 5.000000000000000000e+00
-5.000000000000000000e+00 3.943030303030303330e+00
-2.714747474747474687e+00 5.000000000000000000e+00
-7.373737373737371259e-01 5.000000000000000000e+00
-5.000000000000000000e+00 2.225858585858585759e+00
-2.202020202020198991e-01 5.000000000000000000e+00
-5.000000000000000000e+00 3.092121212121212714e+00
-5.000000000000000000e+00 1.166464646464646426e+00
-5.000000000000000000e+00 3.397575757575757471e+00
-2.656565656565656575e+00 5.000000000000000000e+00
-5.000000000000000000e+00 5.563636363636362825e-01
-5.143434343434339917e-01 5.000000000000000000e+00
-4.039191919191918778e+00 5.000000000000000000e+00
-5.000000000000000000e+00 1.010505050505050573e+00
-5.000000000000000000e+00 1.911515151515152056e+00
