-1.451555555555555710e+00 5.000000000000000000e+00
-5.000000000000000000e+00 3.594666666666667343e+00
-5.000000000000000000e+00 4.958222222222222975e+00
-5.000000000000000000e+00 3.193777777777778493e+00
-4.217777777777778070e+00 5.000000000000000000e+00
-2.224888888888888694e+00 5.000000000000000000e+00
-5.000000000000000000e+00 4.837333333333333485e+00
-3.486222222222222111e+00 5.000000000000000000e+00
-1.311111111111110894e+00 5.000000000000000000e+00
-5.000000000000000000e+00 2.948444444444444201e+00
-7.422222222222217836e-01 5.000000000000000000e+00
-5.000000000000000000e+00 3.901333333333333986e+00
-5.000000000000000000e+00 1.783111111111111091e+00
-5.000000000000000000e+00 4.237333333333333840e+00
-3.422222222222222499e+00 5.000000000000000000e+00
-5.000000000000000000e+00 1.111999999999999877e+00
-1.065777777777777491e+00 5.000000000000000000e+00
-4.943111111111111455e+00 5.000000000000000000e+00
-5.000000000000000000e+00 1.611555555555555852e+00
-5.000000000000000000e+00 2.602666666666667350e+00
