-6.612800000000000011e+00 5.000000000000000000e+00
-5.000000000000000000e+00 1.047040000000000148e+01
-5.000000000000000000e+00 1.292480000000000118e+01
-5.000000000000000000e+00 9.748800000000001020e+00
-1.159199999999999875e+01 5.000000000000000000e+00
-8.004799999999999471e+00 5.000000000000000000e+00
-5.000000000000000000e+00 1.270720000000000027e+01
-1.027519999999999989e+01 5.000000000000000000e+00
-6.359999999999999432e+00 5.000000000000000000e+00
-5.000000000000000000e+00 9.307199999999999918e+00
-5.335999999999998522e+00 5.000000000000000000e+00
-5.000000000000000000e+00 1.102240000000000109e+01
-5.000000000000000000e+00 7.209600000000000009e+00
-5.000000000000000000e+00 1.162720000000000198e+01
-1.016000000000000014e+01 5.000000000000000000e+00
-5.000000000000000000e+00 6.001599999999999824e+00
-5.918399999999998329e+00 5.000000000000000000e+00
-1.289760000000000062e+01 5.000000000000000000e+00
-5.000000000000000000e+00 6.900800000000000267e+00
-5.000000000000000000e+00 8.684800000000000963e+00
