-1.311304347826086847e+00 5.000000000000000000e+00
-5.000000000000000000e+00 3.407826086956522449e+00
-5.000000000000000000e+00 4.741739130434782901e+00
-5.000000000000000000e+00 3.015652173913044187e+00
-4.017391304347825987e+00 5.000000000000000000e+00
-2.067826086956521259e+00 5.000000000000000000e+00
-5.000000000000000000e+00 4.623478260869565482e+00
-3.301739130434782510e+00 5.000000000000000000e+00
-1.173913043478260532e+00 5.000000000000000000e+00
-5.000000000000000000e+00 2.775652173913043530e+00
-6.173913043478257423e-01 5.000000000000000000e+00
-5.000000000000000000e+00 3.707826086956522271e+00
-5.000000000000000000e+00 1.635652173913043406e+00
-5.000000000000000000e+00 4.036521739130434661e+00
-3.239130434782608869e+00 5.000000000000000000e+00
-5.000000000000000000e+00 9.791304347826086385e-01
-9.339130434782604295e-01 5.000000000000000000e+00
-4.726956521739130501e+00 5.000000000000000000e+00
-5.000000000000000000e+00 1.467826086956521836e+00
-5.000000000000000000e+00 2.437391304347826804e+00
