-9.248979591836734571e-01 5.000000000000000000e+00
-5.000000000000000000e+00 2.893061224489796857e+00
-5.000000000000000000e+00 4.145306122448980446e+00
-5.000000000000000000e+00 2.524897959183673990e+00
-3.465306122448979398e+00 5.000000000000000000e+00
-1.635102040816326152e+00 5.000000000000000000e+00
-5.000000000000000000e+00 4.034285714285714697e+00
-2.793469387755101785e+00 5.000000000000000000e+00
-7.959183673469384379e-01 5.000000000000000000e+00
-5.000000000000000000e+00 2.299591836734693917e+00
-2.734693877551017671e-01 5.000000000000000000e+00
-5.000000000000000000e+00 3.174693877551020726e+00
-5.000000000000000000e+00 1.229387755102040902e+00
-5.000000000000000000e+00 3.483265306122449001e+00
-2.734693877551020336e+00 5.000000000000000000e+00
-5.000000000000000000e+00 6.130612244897958307e-01
-5.706122448979588091e-01 5.000000000000000000e+00
-4.131428571428571672e+00 5.000000000000000000e+00
-5.000000000000000000e+00 1.071836734693877746e+00
-5.000000000000000000e+00 1.982040816326531063e+00
