-4.046464646464646542e+00 5.000000000000000000e+00
-3.128484848484848424e+00 5.000000000000000000e+00
-1.834747474747474794e+00 5.000000000000000000e+00
-2.989494949494949871e+00 5.000000000000000000e+00
-1.840404040404040265e+00 5.000000000000000000e+00
-5.000000000000000000e+00 1.898585858585858599e+00
-2.313939393939393963e+00 5.000000000000000000e+00
-5.000000000000000000e+00 2.385858585858586345e+00
-5.000000000000000000e+00 1.702222222222222525e+00
-3.535757575757576099e+00 5.000000000000000000e+00
-7.204040404040401580e-01 5.000000000000000000e+00
-7.123232323232321361e-01 5.000000000000000000e+00
-5.000000000000000000e+00 8.311111111111112448e-01
-1.997979797979797967e+00 5.000000000000000000e+00
-5.000000000000000000e+00 1.985050505050505620e+00
-2.898181818181817970e+00 5.000000000000000000e+00
-5.000000000000000000e+00 3.941414141414141703e+00
-5.000000000000000000e+00 2.158787878787879144e+00
-2.040404040404037445e-01 5.000000000000000000e+00
-5.000000000000000000e+00 4.165656565656566390e-01
