-1.291199999999999903e+01 5.000000000000000000e+00
-1.109440000000000026e+01 5.000000000000000000e+00
-8.532799999999999940e+00 5.000000000000000000e+00
-1.081920000000000037e+01 5.000000000000000000e+00
-8.544000000000000483e+00 5.000000000000000000e+00
-5.000000000000000000e+00 8.659200000000000230e+00
-9.481600000000000250e+00 5.000000000000000000e+00
-5.000000000000000000e+00 9.624000000000000554e+00
-5.000000000000000000e+00 8.270400000000000418e+00
-1.190080000000000027e+01 5.000000000000000000e+00
-6.326399999999999579e+00 5.000000000000000000e+00
-6.310399999999999565e+00 5.000000000000000000e+00
-5.000000000000000000e+00 6.545600000000000307e+00
-8.855999999999999872e+00 5.000000000000000000e+00
-5.000000000000000000e+00 8.830400000000000915e+00
-1.063840000000000074e+01 5.000000000000000000e+00
-5.000000000000000000e+00 1.270400000000000063e+01
-5.000000000000000000e+00 9.174400000000000333e+00
-5.303999999999998494e+00 5.000000000000000000e+00
-5.000000000000000000e+00 5.724800000000000111e+00
