-4.734782608695652151e+00 5.000000000000000000e+00
-3.746956521739130519e+00 5.000000000000000000e+00
-2.354782608695652257e+00 5.000000000000000000e+00
-3.597391304347826058e+00 5.000000000000000000e+00
-2.360869565217391219e+00 5.000000000000000000e+00
-5.000000000000000000e+00 2.423478260869565304e+00
-2.870434782608695556e+00 5.000000000000000000e+00
-5.000000000000000000e+00 2.947826086956522040e+00
-5.000000000000000000e+00 2.212173913043478546e+00
-4.185217391304347778e+00 5.000000000000000000e+00
-1.155652173913043201e+00 5.000000000000000000e+00
-1.146956521739130208e+00 5.000000000000000000e+00
-5.000000000000000000e+00 1.274782608695652186e+00
-2.530434782608695699e+00 5.000000000000000000e+00
-5.000000000000000000e+00 2.516521739130435087e+00
-3.499130434782608656e+00 5.000000000000000000e+00
-5.000000000000000000e+00 4.621739130434782794e+00
-5.000000000000000000e+00 2.703478260869565553e+00
-5.999999999999996447e-01 5.000000000000000000e+00
-5.000000000000000000e+00 8.286956521739130554e-01
