-4.951111111111110574e+00 5.000000000000000000e+00
-3.941333333333333577e+00 5.000000000000000000e+00
-2.518222222222222140e+00 5.000000000000000000e+00
-3.788444444444444947e+00 5.000000000000000000e+00
-2.524444444444444269e+00 5.000000000000000000e+00
-5.000000000000000000e+00 2.588444444444444770e+00
-3.045333333333333670e+00 5.000000000000000000e+00
-5.000000000000000000e+00 3.124444444444444802e+00
-5.000000000000000000e+00 2.372444444444444578e+00
-4.389333333333333087e+00 5.000000000000000000e+00
-1.292444444444444285e+00 5.000000000000000000e+00
-1.283555555555555339e+00 5.000000000000000000e+00
-5.000000000000000000e+00 1.414222222222222491e+00
-2.697777777777777608e+00 5.000000000000000000e+00
-5.000000000000000000e+00 2.683555555555556360e+00
-3.687999999999999723e+00 5.000000000000000000e+00
-5.000000000000000000e+00 4.835555555555555607e+00
-5.000000000000000000e+00 2.874666666666666703e+00
-7.244444444444441134e-01 5.000000000000000000e+00
-5.000000000000000000e+00 9.582222222222223085e-01
