-4.329166666666666607e+00 5.000000000000000000e+00
-3.382500000000000284e+00 5.000000000000000000e+00
-2.048333333333333339e+00 5.000000000000000000e+00
-3.239166666666666750e+00 5.000000000000000000e+00
-2.054166666666666252e+00 5.000000000000000000e+00
-5.000000000000000000e+00 2.114166666666666750e+00
-2.542499999999999982e+00 5.000000000000000000e+00
-5.000000000000000000e+00 2.616666666666667140e+00
-5.000000000000000000e+00 1.911666666666666847e+00
-3.802500000000000213e+00 5.000000000000000000e+00
-8.991666666666664476e-01 5.000000000000000000e+00
-8.908333333333331439e-01 5.000000000000000000e+00
-5.000000000000000000e+00 1.013333333333333419e+00
-2.216666666666666785e+00 5.000000000000000000e+00
-5.000000000000000000e+00 2.203333333333334032e+00
-3.145000000000000018e+00 5.000000000000000000e+00
-5.000000000000000000e+00 4.220833333333333215e+00
-5.000000000000000000e+00 2.382500000000000284e+00
-3.666666666666663632e-01 5.000000000000000000e+00
-5.000000000000000000e+00 5.858333333333334281e-01
