-4.138775510204081520e+00 5.000000000000000000e+00
-3.211428571428571743e+00 5.000000000000000000e+00
-1.904489795918367312e+00 5.000000000000000000e+00
-3.071020408163265714e+00 5.000000000000000000e+00
-1.910204081632652873e+00 5.000000000000000000e+00
-5.000000000000000000e+00 1.968979591836734766e+00
-2.388571428571428790e+00 5.000000000000000000e+00
-5.000000000000000000e+00 2.461224489795918569e+00
-5.000000000000000000e+00 1.770612244897959320e+00
-3.622857142857143220e+00 5.000000000000000000e+00
-7.787755102040814226e-01 5.000000000000000000e+00
-7.706122448979589867e-01 5.000000000000000000e+00
-5.000000000000000000e+00 8.906122448979593154e-01
-2.069387755102040760e+00 5.000000000000000000e+00
-5.000000000000000000e+00 2.056326530612245573e+00
-2.978775510204081378e+00 5.000000000000000000e+00
-5.000000000000000000e+00 4.032653061224490187e+00
-5.000000000000000000e+00 2.231836734693877666e+00
-2.571428571428568399e-01 5.000000000000000000e+00
-5.000000000000000000e+00 4.718367346938776019e-01
