-4.527659574468085424e+00 5.000000000000000000e+00
-3.560851063829787222e+00 5.000000000000000000e+00
-2.198297872340425396e+00 5.000000000000000000e+00
-3.414468085106383111e+00 5.000000000000000000e+00
-2.204255319148936021e+00 5.000000000000000000e+00
-5.000000000000000000e+00 2.265531914893617049e+00
-2.702978723404255490e+00 5.000000000000000000e+00
-5.000000000000000000e+00 2.778723404255319274e+00
-5.000000000000000000e+00 2.058723404255319522e+00
-3.989787234042553532e+00 5.000000000000000000e+00
-1.024680851063829667e+00 5.000000000000000000e+00
-1.016170212765957093e+00 5.000000000000000000e+00
-5.000000000000000000e+00 1.141276595744681099e+00
-2.370212765957446788e+00 5.000000000000000000e+00
-5.000000000000000000e+00 2.356595744680851645e+00
-3.318297872340425503e+00 5.000000000000000000e+00
-5.000000000000000000e+00 4.417021276595745505e+00
-5.000000000000000000e+00 2.539574468085106673e+00
-4.808510638297868733e-01 5.000000000000000000e+00
-5.000000000000000000e+00 7.046808510638298273e-01
