-2.859999999999999876e+00 5.000000000000000000e+00
-2.009565217391304337e+00 5.000000000000000000e+00
-5.000000000000000000e+00 3.415652173913043654e+00
-9.782608695652172948e-01 5.000000000000000000e+00
-5.000000000000000000e+00 1.146956521739130208e+00
-5.000000000000000000e+00 3.885217391304347956e+00
-5.000000000000000000e+00 4.482608695652174013e+00
-5.000000000000000000e+00 1.920869565217391717e+00
-5.000000000000000000e+00 2.700869565217391965e+00
-5.834782608695652240e-01 5.000000000000000000e+00
-2.919999999999999929e+00 5.000000000000000000e+00
-1.826956521739130146e+00 5.000000000000000000e+00
-5.000000000000000000e+00 4.595652173913043370e+00
-5.000000000000000000e+00 2.390434782608695574e+00
-5.000000000000000000e+00 2.293043478260869517e+00
-4.342608695652174333e+00 5.000000000000000000e+00
-1.721739130434782217e+00 5.000000000000000000e+00
-5.000000000000000000e+00 1.566956521739130359e+00
-5.000000000000000000e+00 2.686086956521739122e+00
-9.669565217391301593e-01 5.000000000000000000e+00
