-2.692765957446808134e+00 5.000000000000000000e+00
-1.860425531914893460e+00 5.000000000000000000e+00
-5.000000000000000000e+00 3.236595744680851094e+00
-8.510638297872339386e-01 5.000000000000000000e+00
-5.000000000000000000e+00 1.016170212765957093e+00
-5.000000000000000000e+00 3.696170212765957697e+00
-5.000000000000000000e+00 4.280851063829787861e+00
-5.000000000000000000e+00 1.773617021276596262e+00
-5.000000000000000000e+00 2.537021276595745167e+00
-4.646808510638298362e-01 5.000000000000000000e+00
-2.751489361702127656e+00 5.000000000000000000e+00
-1.681702127659574053e+00 5.000000000000000000e+00
-5.000000000000000000e+00 4.391489361702127781e+00
-5.000000000000000000e+00 2.233191489361701976e+00
-5.000000000000000000e+00 2.137872340425531981e+00
-4.143829787234042605e+00 5.000000000000000000e+00
-1.578723404255318874e+00 5.000000000000000000e+00
-5.000000000000000000e+00 1.427234042553191307e+00
-5.000000000000000000e+00 2.522553191489361968e+00
-8.399999999999998579e-01 5.000000000000000000e+00
