-2.304242424242424203e+00 5.000000000000000000e+00
-1.513939393939393696e+00 5.000000000000000000e+00
-5.000000000000000000e+00 2.820606060606060339e+00
-5.555555555555555802e-01 5.000000000000000000e+00
-5.000000000000000000e+00 7.123232323232321361e-01
-5.000000000000000000e+00 3.256969696969697292e+00
-5.000000000000000000e+00 3.812121212121212466e+00
-5.000000000000000000e+00 1.431515151515151851e+00
-5.000000000000000000e+00 2.156363636363636704e+00
-1.886868686868687361e-01 5.000000000000000000e+00
-2.359999999999999876e+00 5.000000000000000000e+00
-1.344242424242424017e+00 5.000000000000000000e+00
-5.000000000000000000e+00 3.917171717171717304e+00
-5.000000000000000000e+00 1.867878787878787694e+00
-5.000000000000000000e+00 1.777373737373737494e+00
-3.682020202020201971e+00 5.000000000000000000e+00
-1.246464646464646275e+00 5.000000000000000000e+00
-5.000000000000000000e+00 1.102626262626262399e+00
-5.000000000000000000e+00 2.142626262626262879e+00
-5.450505050505048965e-01 5.000000000000000000e+00
