-3.034666666666666401e+00 5.000000000000000000e+00
-2.165333333333333332e+00 5.000000000000000000e+00
-5.000000000000000000e+00 3.602666666666666906e+00
-1.111111111111111160e+00 5.000000000000000000e+00
-5.000000000000000000e+00 1.283555555555555339e+00
-5.000000000000000000e+00 4.082666666666667332e+00
-5.000000000000000000e+00 4.693333333333333357e+00
-5.000000000000000000e+00 2.074666666666667325e+00
-5.000000000000000000e+00 2.872000000000000774e+00
-7.075555555555556042e-01 5.000000000000000000e+00
-3.096000000000000085e+00 5.000000000000000000e+00
-1.978666666666666352e+00 5.000000000000000000e+00
-5.000000000000000000e+00 4.808888888888889213e+00
-5.000000000000000000e+00 2.554666666666666863e+00
-5.000000000000000000e+00 2.455111111111111022e+00
-4.550222222222222612e+00 5.000000000000000000e+00
-1.871111111111110725e+00 5.000000000000000000e+00
-5.000000000000000000e+00 1.712888888888888683e+00
-5.000000000000000000e+00 2.856888888888889255e+00
-1.099555555555555397e+00 5.000000000000000000e+00
