-9.462399999999998812e+00 5.000000000000000000e+00
-7.897600000000000620e+00 5.000000000000000000e+00
-5.000000000000000000e+00 1.048479999999999990e+01
-6.000000000000000000e+00 5.000000000000000000e+00
-5.000000000000000000e+00 6.310399999999999565e+00
-5.000000000000000000e+00 1.134880000000000067e+01
-5.000000000000000000e+00 1.244800000000000040e+01
-5.000000000000000000e+00 7.734400000000000830e+00
-5.000000000000000000e+00 9.169600000000000861e+00
-5.273600000000000065e+00 5.000000000000000000e+00
-9.572800000000000864e+00 5.000000000000000000e+00
-7.561599999999998545e+00 5.000000000000000000e+00
-5.000000000000000000e+00 1.265599999999999881e+01
-5.000000000000000000e+00 8.598399999999999821e+00
-5.000000000000000000e+00 8.419200000000000017e+00
-1.219040000000000035e+01 5.000000000000000000e+00
-7.367999999999998550e+00 5.000000000000000000e+00
-5.000000000000000000e+00 7.083199999999999719e+00
-5.000000000000000000e+00 9.142400000000000304e+00
-5.979199999999998738e+00 5.000000000000000000e+00
