-2.532499999999999751e+00 5.000000000000000000e+00
-1.717499999999999805e+00 5.000000000000000000e+00
-5.000000000000000000e+00 3.064999999999999947e+00
-7.291666666666667407e-01 5.000000000000000000e+00
-5.000000000000000000e+00 8.908333333333331439e-01
-5.000000000000000000e+00 3.515000000000000568e+00
-5.000000000000000000e+00 4.087500000000000355e+00
-5.000000000000000000e+00 1.632500000000000506e+00
-5.000000000000000000e+00 2.380000000000000338e+00
-3.508333333333333859e-01 5.000000000000000000e+00
-2.589999999999999858e+00 5.000000000000000000e+00
-1.542499999999999760e+00 5.000000000000000000e+00
-5.000000000000000000e+00 4.195833333333333748e+00
-5.000000000000000000e+00 2.082500000000000018e+00
-5.000000000000000000e+00 1.989166666666666750e+00
-3.953333333333333588e+00 5.000000000000000000e+00
-1.441666666666666430e+00 5.000000000000000000e+00
-5.000000000000000000e+00 1.293333333333333224e+00
-5.000000000000000000e+00 2.365833333333333677e+00
-7.183333333333331572e-01 5.000000000000000000e+00
