-2.378775510204081289e+00 5.000000000000000000e+00
-1.580408163265305976e+00 5.000000000000000000e+00
-5.000000000000000000e+00 2.900408163265306261e+00
-6.122448979591836871e-01 5.000000000000000000e+00
-5.000000000000000000e+00 7.706122448979589867e-01
-5.000000000000000000e+00 3.341224489795918906e+00
-5.000000000000000000e+00 3.902040816326530770e+00
-5.000000000000000000e+00 1.497142857142857553e+00
-5.000000000000000000e+00 2.229387755102041346e+00
-2.416326530612245282e-01 5.000000000000000000e+00
-2.435102040816326419e+00 5.000000000000000000e+00
-1.408979591836734269e+00 5.000000000000000000e+00
-5.000000000000000000e+00 4.008163265306122547e+00
-5.000000000000000000e+00 1.937959183673469310e+00
-5.000000000000000000e+00 1.846530612244897895e+00
-3.770612244897959542e+00 5.000000000000000000e+00
-1.310204081632652784e+00 5.000000000000000000e+00
-5.000000000000000000e+00 1.164897959183673226e+00
-5.000000000000000000e+00 2.215510204081632573e+00
-6.016326530612242651e-01 5.000000000000000000e+00
