-2.261224489795917725e-01 5.000000000000000000e+00
-5.000000000000000000e+00 3.229387755102040902e+00
-3.128979591836734908e+00 5.000000000000000000e+00
-5.000000000000000000e+00 3.881632653061225291e+00
-5.000000000000000000e+00 9.167346938775510212e-01
-5.000000000000000000e+00 4.007346938775510736e+00
-5.000000000000000000e+00 1.644897959183673875e+00
-3.919183673469388118e+00 5.000000000000000000e+00
-5.000000000000000000e+00 1.945306122448979602e+00
-2.489795918367346594e+00 5.000000000000000000e+00
-5.000000000000000000e+00 4.062040816326531356e+00
-5.000000000000000000e+00 2.893877551020408667e+00
-2.888979591836734695e+00 5.000000000000000000e+00
-5.000000000000000000e+00 3.134693877551020691e+00
-5.000000000000000000e+00 6.138775510204079744e-01
-5.000000000000000000e+00 1.113469387755102069e+00
-4.522448979591836005e-01 5.000000000000000000e+00
-5.000000000000000000e+00 3.120000000000000107e+00
-5.000000000000000000e+00 4.160816326530612841e+00
-2.290612244897959116e+00 5.000000000000000000e+00
