-5.669565217391303591e-01 5.000000000000000000e+00
-5.000000000000000000e+00 3.766086956521739193e+00
-3.659130434782608798e+00 5.000000000000000000e+00
-5.000000000000000000e+00 4.460869565217391752e+00
-5.000000000000000000e+00 1.302608695652173854e+00
-5.000000000000000000e+00 4.594782608695652470e+00
-5.000000000000000000e+00 2.078260869565217828e+00
-4.500869565217390900e+00 5.000000000000000000e+00
-5.000000000000000000e+00 2.398260869565217224e+00
-2.978260869565217295e+00 5.000000000000000000e+00
-5.000000000000000000e+00 4.653043478260870280e+00
-5.000000000000000000e+00 3.408695652173913793e+00
-3.403478260869564842e+00 5.000000000000000000e+00
-5.000000000000000000e+00 3.665217391304348205e+00
-5.000000000000000000e+00 9.799999999999997602e-01
-5.000000000000000000e+00 1.512173913043478368e+00
-8.078260869565216939e-01 5.000000000000000000e+00
-5.000000000000000000e+00 3.649565217391304461e+00
-5.000000000000000000e+00 4.758260869565217988e+00
-2.766086956521739193e+00 5.000000000000000000e+00
