-5.243199999999999861e+00 5.000000000000000000e+00
-5.000000000000000000e+00 1.112959999999999994e+01
-1.093280000000000030e+01 5.000000000000000000e+00
-5.000000000000000000e+00 1.240800000000000125e+01
-5.000000000000000000e+00 6.596799999999999997e+00
-5.000000000000000000e+00 1.265440000000000254e+01
-5.000000000000000000e+00 8.024000000000000909e+00
-1.248160000000000025e+01 5.000000000000000000e+00
-5.000000000000000000e+00 8.612800000000000011e+00
-9.679999999999999716e+00 5.000000000000000000e+00
-5.000000000000000000e+00 1.276160000000000139e+01
-5.000000000000000000e+00 1.047200000000000131e+01
-1.046239999999999881e+01 5.000000000000000000e+00
-5.000000000000000000e+00 1.094400000000000084e+01
-5.000000000000000000e+00 6.003199999999999648e+00
-5.000000000000000000e+00 6.982400000000000162e+00
-5.686399999999999011e+00 5.000000000000000000e+00
-5.000000000000000000e+00 1.091520000000000046e+01
-5.000000000000000000e+00 1.295520000000000138e+01
-9.289600000000000080e+00 5.000000000000000000e+00
