-6.906666666666666510e-01 5.000000000000000000e+00
-5.000000000000000000e+00 3.960888888888888903e+00
-3.851555555555555621e+00 5.000000000000000000e+00
-5.000000000000000000e+00 4.671111111111112102e+00
-5.000000000000000000e+00 1.442666666666666764e+00
-5.000000000000000000e+00 4.808000000000000718e+00
-5.000000000000000000e+00 2.235555555555555962e+00
-4.711999999999999744e+00 5.000000000000000000e+00
-5.000000000000000000e+00 2.562666666666666870e+00
-3.155555555555555447e+00 5.000000000000000000e+00
-5.000000000000000000e+00 4.867555555555556523e+00
-5.000000000000000000e+00 3.595555555555556282e+00
-3.590222222222222204e+00 5.000000000000000000e+00
-5.000000000000000000e+00 3.857777777777778194e+00
-5.000000000000000000e+00 1.112888888888888594e+00
-5.000000000000000000e+00 1.656888888888889078e+00
-9.368888888888888822e-01 5.000000000000000000e+00
-5.000000000000000000e+00 3.841777777777777736e+00
-5.000000000000000000e+00 4.975111111111111484e+00
-2.938666666666666760e+00 5.000000000000000000e+00
