-4.485106382978722439e-01 5.000000000000000000e+00
-5.000000000000000000e+00 3.579574468085106265e+00
-3.474893617021276526e+00 5.000000000000000000e+00
-5.000000000000000000e+00 4.259574468085107313e+00
-5.000000000000000000e+00 1.168510638297872273e+00
-5.000000000000000000e+00 4.390638297872341056e+00
-5.000000000000000000e+00 1.927659574468085557e+00
-4.298723404255319736e+00 5.000000000000000000e+00
-5.000000000000000000e+00 2.240851063829787382e+00
-2.808510638297872397e+00 5.000000000000000000e+00
-5.000000000000000000e+00 4.447659574468085353e+00
-5.000000000000000000e+00 3.229787234042553745e+00
-3.224680851063829401e+00 5.000000000000000000e+00
-5.000000000000000000e+00 3.480851063829787595e+00
-5.000000000000000000e+00 8.527659574468082759e-01
-5.000000000000000000e+00 1.373617021276595906e+00
-6.842553191489360032e-01 5.000000000000000000e+00
-5.000000000000000000e+00 3.465531914893617227e+00
-5.000000000000000000e+00 4.550638297872341198e+00
-2.600851063829787257e+00 5.000000000000000000e+00
