-1.733333333333332560e-01 5.000000000000000000e+00
-5.000000000000000000e+00 3.146262626262626316e+00
-3.046868686868687170e+00 5.000000000000000000e+00
-5.000000000000000000e+00 3.791919191919192578e+00
-5.000000000000000000e+00 8.569696969696969369e-01
-5.000000000000000000e+00 3.916363636363636935e+00
-5.000000000000000000e+00 1.577777777777778168e+00
-3.829090909090909101e+00 5.000000000000000000e+00
-5.000000000000000000e+00 1.875151515151515236e+00
-2.414141414141413922e+00 5.000000000000000000e+00
-5.000000000000000000e+00 3.970505050505051425e+00
-5.000000000000000000e+00 2.814141414141414721e+00
-2.809292929292928953e+00 5.000000000000000000e+00
-5.000000000000000000e+00 3.052525252525252863e+00
-5.000000000000000000e+00 5.571717171717169848e-01
-5.000000000000000000e+00 1.051717171717171828e+00
-3.971717171717171202e-01 5.000000000000000000e+00
-5.000000000000000000e+00 3.037979797979798224e+00
-5.000000000000000000e+00 4.068282828282828945e+00
-2.216969696969696813e+00 5.000000000000000000e+00
