-3.349999999999999645e-01 5.000000000000000000e+00
-5.000000000000000000e+00 3.400833333333333375e+00
-3.298333333333333339e+00 5.000000000000000000e+00
-5.000000000000000000e+00 4.066666666666667318e+00
-5.000000000000000000e+00 1.040000000000000036e+00
-5.000000000000000000e+00 4.195000000000000284e+00
-5.000000000000000000e+00 1.783333333333333881e+00
-4.105000000000000426e+00 5.000000000000000000e+00
-5.000000000000000000e+00 2.089999999999999858e+00
-2.645833333333333037e+00 5.000000000000000000e+00
-5.000000000000000000e+00 4.250833333333334352e+00
-5.000000000000000000e+00 3.058333333333334014e+00
-3.053333333333333233e+00 5.000000000000000000e+00
-5.000000000000000000e+00 3.304166666666667140e+00
-5.000000000000000000e+00 7.308333333333332238e-01
-5.000000000000000000e+00 1.240833333333333455e+00
-5.658333333333332993e-01 5.000000000000000000e+00
-5.000000000000000000e+00 3.289166666666667016e+00
-5.000000000000000000e+00 4.351666666666667460e+00
-2.442499999999999893e+00 5.000000000000000000e+00
