-4.887111111111111406e+00 5.000000000000000000e+00
-3.767111111111110411e+00 5.000000000000000000e+00
-4.780444444444444940e+00 5.000000000000000000e+00
-5.000000000000000000e+00 4.895111111111111413e+00
-5.000000000000000000e+00 1.510222222222222577e+00
-3.783111111111110869e+00 5.000000000000000000e+00
-5.000000000000000000e+00 4.383111111111111846e+00
-1.222222222222221877e+00 5.000000000000000000e+00
-1.535999999999999588e+00 5.000000000000000000e+00
-4.705777777777777615e+00 5.000000000000000000e+00
-5.000000000000000000e+00 2.677333333333333343e+00
-5.000000000000000000e+00 1.967111111111111477e+00
-5.000000000000000000e+00 2.301333333333333453e+00
-5.000000000000000000e+00 4.745777777777778539e+00
-4.795555555555555571e+00 5.000000000000000000e+00
-5.000000000000000000e+00 3.844444444444444553e+00
-3.775111111111110862e+00 5.000000000000000000e+00
-2.103111111111110709e+00 5.000000000000000000e+00
-5.000000000000000000e+00 6.711111111111113248e-01
-5.000000000000000000e+00 1.980444444444444452e+00
