-1.279680000000000106e+01 5.000000000000000000e+00
-1.078079999999999927e+01 5.000000000000000000e+00
-1.260480000000000089e+01 5.000000000000000000e+00
-5.000000000000000000e+00 1.281119999999999948e+01
-5.000000000000000000e+00 6.718400000000000816e+00
-1.080959999999999965e+01 5.000000000000000000e+00
-5.000000000000000000e+00 1.188960000000000150e+01
-6.199999999999999289e+00 5.000000000000000000e+00
-6.764799999999999258e+00 5.000000000000000000e+00
-1.247039999999999793e+01 5.000000000000000000e+00
-5.000000000000000000e+00 8.819200000000000372e+00
-5.000000000000000000e+00 7.540800000000000836e+00
-5.000000000000000000e+00 8.142400000000000304e+00
-5.000000000000000000e+00 1.254240000000000066e+01
-1.263199999999999790e+01 5.000000000000000000e+00
-5.000000000000000000e+00 1.091999999999999993e+01
-1.079519999999999946e+01 5.000000000000000000e+00
-7.785599999999998744e+00 5.000000000000000000e+00
-5.000000000000000000e+00 5.208000000000000185e+00
-5.000000000000000000e+00 7.564799999999999969e+00
