-4.672173913043478066e+00 5.000000000000000000e+00
-3.576521739130434252e+00 5.000000000000000000e+00
-4.567826086956522147e+00 5.000000000000000000e+00
-5.000000000000000000e+00 4.680000000000000604e+00
-5.000000000000000000e+00 1.368695652173913313e+00
-3.592173913043477995e+00 5.000000000000000000e+00
-5.000000000000000000e+00 4.179130434782609704e+00
-1.086956521739129933e+00 5.000000000000000000e+00
-1.393913043478260505e+00 5.000000000000000000e+00
-4.494782608695651938e+00 5.000000000000000000e+00
-5.000000000000000000e+00 2.510434782608696125e+00
-5.000000000000000000e+00 1.815652173913044010e+00
-5.000000000000000000e+00 2.142608695652174156e+00
-5.000000000000000000e+00 4.533913043478261073e+00
-4.582608695652173658e+00 5.000000000000000000e+00
-5.000000000000000000e+00 3.652173913043478493e+00
-3.584347826086956346e+00 5.000000000000000000e+00
-1.948695652173912940e+00 5.000000000000000000e+00
-5.000000000000000000e+00 5.478260869565219071e-01
-5.000000000000000000e+00 1.828695652173913055e+00
