-4.466382978723403951e+00 5.000000000000000000e+00
-3.394042553191488842e+00 5.000000000000000000e+00
-4.364255319148936607e+00 5.000000000000000000e+00
-5.000000000000000000e+00 4.474042553191489802e+00
-5.000000000000000000e+00 1.233191489361702642e+00
-3.409361702127659655e+00 5.000000000000000000e+00
-5.000000000000000000e+00 3.983829787234043351e+00
-9.574468085106379034e-01 5.000000000000000000e+00
-1.257872340425531643e+00 5.000000000000000000e+00
-4.292765957446808223e+00 5.000000000000000000e+00
-5.000000000000000000e+00 2.350638297872340576e+00
-5.000000000000000000e+00 1.670638297872340861e+00
-5.000000000000000000e+00 1.990638297872340701e+00
-5.000000000000000000e+00 4.331063829787234809e+00
-4.378723404255318918e+00 5.000000000000000000e+00
-5.000000000000000000e+00 3.468085106382978733e+00
-3.401702127659574248e+00 5.000000000000000000e+00
-1.800851063829786991e+00 5.000000000000000000e+00
-5.000000000000000000e+00 4.297872340425533122e-01
-5.000000000000000000e+00 1.683404255319148835e+00
