-4.269166666666666998e+00 5.000000000000000000e+00
-3.219166666666666288e+00 5.000000000000000000e+00
-4.169166666666666465e+00 5.000000000000000000e+00
-5.000000000000000000e+00 4.276666666666667282e+00
-5.000000000000000000e+00 1.103333333333333721e+00
-3.234166666666666412e+00 5.000000000000000000e+00
-5.000000000000000000e+00 3.796666666666667300e+00
-8.333333333333329263e-01 5.000000000000000000e+00
-1.127499999999999503e+00 5.000000000000000000e+00
-4.099166666666666181e+00 5.000000000000000000e+00
-5.000000000000000000e+00 2.197500000000000231e+00
-5.000000000000000000e+00 1.531666666666667176e+00
-5.000000000000000000e+00 1.845000000000000195e+00
-5.000000000000000000e+00 4.136666666666666714e+00
-4.183333333333333570e+00 5.000000000000000000e+00
-5.000000000000000000e+00 3.291666666666666519e+00
-3.226666666666666572e+00 5.000000000000000000e+00
-1.659166666666666456e+00 5.000000000000000000e+00
-5.000000000000000000e+00 3.166666666666667629e-01
-5.000000000000000000e+00 1.544166666666666687e+00
