-3.988282828282828429e+00 5.000000000000000000e+00
-2.970101010101009908e+00 5.000000000000000000e+00
-3.891313131313131279e+00 5.000000000000000000e+00
-5.000000000000000000e+00 3.995555555555556193e+00
-5.000000000000000000e+00 9.183838383838387465e-01
-2.984646464646464548e+00 5.000000000000000000e+00
-5.000000000000000000e+00 3.530101010101010850e+00
-6.565656565656562416e-01 5.000000000000000000e+00
-9.418181818181814435e-01 5.000000000000000000e+00
-3.823434343434343408e+00 5.000000000000000000e+00
-5.000000000000000000e+00 1.979393939393939483e+00
-5.000000000000000000e+00 1.333737373737374110e+00
-5.000000000000000000e+00 1.637575757575757684e+00
-5.000000000000000000e+00 3.859797979797980005e+00
-3.905050505050504661e+00 5.000000000000000000e+00
-5.000000000000000000e+00 3.040404040404040220e+00
-2.977373737373737228e+00 5.000000000000000000e+00
-1.457373737373737210e+00 5.000000000000000000e+00
-5.000000000000000000e+00 1.555555555555556413e-01
-5.000000000000000000e+00 1.345858585858585865e+00
