-4.080000000000000071e+00 5.000000000000000000e+00
-3.051428571428571157e+00 5.000000000000000000e+00
-3.982040816326530397e+00 5.000000000000000000e+00
-5.000000000000000000e+00 4.087346938775510807e+00
-5.000000000000000000e+00 9.787755102040820443e-01
-3.066122448979591741e+00 5.000000000000000000e+00
-5.000000000000000000e+00 3.617142857142857881e+00
-7.142857142857139685e-01 5.000000000000000000e+00
-1.002448979591836320e+00 5.000000000000000000e+00
-3.913469387755101891e+00 5.000000000000000000e+00
-5.000000000000000000e+00 2.050612244897959346e+00
-5.000000000000000000e+00 1.398367346938775846e+00
-5.000000000000000000e+00 1.705306122448979833e+00
-5.000000000000000000e+00 3.950204081632653352e+00
-3.995918367346938727e+00 5.000000000000000000e+00
-5.000000000000000000e+00 3.122448979591836871e+00
-3.058775510204081449e+00 5.000000000000000000e+00
-1.523265306122448814e+00 5.000000000000000000e+00
-5.000000000000000000e+00 2.081632653061225580e-01
-5.000000000000000000e+00 1.410612244897959222e+00
