-4.165000000000000036e+00 5.000000000000000000e+00
-5.000000000000000000e+00 4.199999999999998179e-01
-9.283333333333332327e-01 5.000000000000000000e+00
-4.053333333333332789e+00 5.000000000000000000e+00
-3.436666666666666536e+00 5.000000000000000000e+00
-5.000000000000000000e+00 2.621666666666667478e+00
-5.000000000000000000e+00 3.562500000000000888e+00
-4.287499999999999645e+00 5.000000000000000000e+00
-2.824999999999996958e-01 5.000000000000000000e+00
-5.000000000000000000e+00 3.148333333333333428e+00
-5.000000000000000000e+00 2.635833333333333250e+00
-5.000000000000000000e+00 1.650833333333333597e+00
-5.000000000000000000e+00 3.149166666666666448e+00
-5.000000000000000000e+00 1.123333333333333517e+00
-5.000000000000000000e+00 4.347500000000000142e+00
-5.000000000000000000e+00 8.033333333333334547e-01
-5.000000000000000000e+00 3.275833333333334263e+00
-3.741666666666664809e-01 5.000000000000000000e+00
-5.000000000000000000e+00 2.529166666666667229e+00
-5.000000000000000000e+00 5.041666666666664298e-01
