-1.259680000000000177e+01 5.000000000000000000e+00
-5.000000000000000000e+00 5.406399999999999650e+00
-6.382400000000000517e+00 5.000000000000000000e+00
-1.238240000000000052e+01 5.000000000000000000e+00
-1.119839999999999947e+01 5.000000000000000000e+00
-5.000000000000000000e+00 9.633600000000001273e+00
-5.000000000000000000e+00 1.144000000000000128e+01
-1.283200000000000074e+01 5.000000000000000000e+00
-5.142399999999998528e+00 5.000000000000000000e+00
-5.000000000000000000e+00 1.064480000000000004e+01
-5.000000000000000000e+00 9.660800000000000054e+00
-5.000000000000000000e+00 7.769600000000000506e+00
-5.000000000000000000e+00 1.064639999999999986e+01
-5.000000000000000000e+00 6.756800000000000139e+00
-5.000000000000000000e+00 1.294720000000000226e+01
-5.000000000000000000e+00 6.142400000000000304e+00
-5.000000000000000000e+00 1.088960000000000150e+01
-5.318400000000000460e+00 5.000000000000000000e+00
-5.000000000000000000e+00 9.456000000000001293e+00
-5.000000000000000000e+00 5.567999999999999616e+00
