-3.887272727272727213e+00 5.000000000000000000e+00
-5.000000000000000000e+00 2.557575757575755726e-01
-7.486868686868685119e-01 5.000000000000000000e+00
-3.778989898989898677e+00 5.000000000000000000e+00
-3.181010101010100843e+00 5.000000000000000000e+00
-5.000000000000000000e+00 2.390707070707071225e+00
-5.000000000000000000e+00 3.303030303030303649e+00
-4.006060606060605878e+00 5.000000000000000000e+00
-1.224242424242421301e-01 5.000000000000000000e+00
-5.000000000000000000e+00 2.901414141414141223e+00
-5.000000000000000000e+00 2.404444444444444606e+00
-5.000000000000000000e+00 1.449292929292929522e+00
-5.000000000000000000e+00 2.902222222222222037e+00
-5.000000000000000000e+00 9.377777777777778212e-01
-5.000000000000000000e+00 4.064242424242424434e+00
-5.000000000000000000e+00 6.274747474747476295e-01
-5.000000000000000000e+00 3.025050505050505656e+00
-2.113131313131311195e-01 5.000000000000000000e+00
-5.000000000000000000e+00 2.301010101010101838e+00
-5.000000000000000000e+00 3.373737373737371592e-01
