-4.563478260869564984e+00 5.000000000000000000e+00
-5.000000000000000000e+00 6.556521739130433124e-01
-1.186086956521738900e+00 5.000000000000000000e+00
-4.446956521739130253e+00 5.000000000000000000e+00
-3.803478260869564753e+00 5.000000000000000000e+00
-5.000000000000000000e+00 2.953043478260870103e+00
-5.000000000000000000e+00 3.934782608695652772e+00
-4.691304347826086740e+00 5.000000000000000000e+00
-5.121739130434779241e-01 5.000000000000000000e+00
-5.000000000000000000e+00 3.502608695652174031e+00
-5.000000000000000000e+00 2.967826086956521614e+00
-5.000000000000000000e+00 1.940000000000000391e+00
-5.000000000000000000e+00 3.503478260869564931e+00
-5.000000000000000000e+00 1.389565217391304452e+00
-5.000000000000000000e+00 4.753913043478260825e+00
-5.000000000000000000e+00 1.055652173913043779e+00
-5.000000000000000000e+00 3.635652173913044294e+00
-6.078260869565215163e-01 5.000000000000000000e+00
-5.000000000000000000e+00 2.856521739130435389e+00
-5.000000000000000000e+00 7.434782608695649220e-01
