-3.977959183673469568e+00 5.000000000000000000e+00
-5.000000000000000000e+00 3.093877551020406402e-01
-8.073469387755100035e-01 5.000000000000000000e+00
-3.868571428571428328e+00 5.000000000000000000e+00
-3.264489795918366966e+00 5.000000000000000000e+00
-5.000000000000000000e+00 2.466122448979592541e+00
-5.000000000000000000e+00 3.387755102040816979e+00
-4.097959183673469674e+00 5.000000000000000000e+00
-1.746938775510201158e-01 5.000000000000000000e+00
-5.000000000000000000e+00 2.982040816326530841e+00
-5.000000000000000000e+00 2.479999999999999982e+00
-5.000000000000000000e+00 1.515102040816326712e+00
-5.000000000000000000e+00 2.982857142857142652e+00
-5.000000000000000000e+00 9.983673469387756017e-01
-5.000000000000000000e+00 4.156734693877551123e+00
-5.000000000000000000e+00 6.848979591836736880e-01
-5.000000000000000000e+00 3.106938775510204920e+00
-2.644897959183671321e-01 5.000000000000000000e+00
-5.000000000000000000e+00 2.375510204081633159e+00
-5.000000000000000000e+00 3.918367346938773643e-01
