-4.775999999999999801e+00 5.000000000000000000e+00
-5.000000000000000000e+00 7.813333333333331021e-01
-1.323555555555555596e+00 5.000000000000000000e+00
-4.656888888888889078e+00 5.000000000000000000e+00
-3.999111111111110617e+00 5.000000000000000000e+00
-5.000000000000000000e+00 3.129777777777778436e+00
-5.000000000000000000e+00 4.133333333333333748e+00
-4.906666666666666288e+00 5.000000000000000000e+00
-6.346666666666662682e-01 5.000000000000000000e+00
-5.000000000000000000e+00 3.691555555555555479e+00
-5.000000000000000000e+00 3.144888888888889067e+00
-5.000000000000000000e+00 2.094222222222222651e+00
-5.000000000000000000e+00 3.692444444444444418e+00
-5.000000000000000000e+00 1.531555555555555781e+00
-5.000000000000000000e+00 4.970666666666667233e+00
-5.000000000000000000e+00 1.190222222222222292e+00
-5.000000000000000000e+00 3.827555555555556488e+00
-7.324444444444442315e-01 5.000000000000000000e+00
-5.000000000000000000e+00 3.031111111111111978e+00
-5.000000000000000000e+00 8.711111111111108363e-01
