-4.360000000000000320e+00 5.000000000000000000e+00
-5.000000000000000000e+00 5.353191489361699418e-01
-1.054468085106382791e+00 5.000000000000000000e+00
-4.245957446808510838e+00 5.000000000000000000e+00
-3.616170212765957181e+00 5.000000000000000000e+00
-5.000000000000000000e+00 2.783829787234043174e+00
-5.000000000000000000e+00 3.744680851063830751e+00
-4.485106382978723438e+00 5.000000000000000000e+00
-3.948936170212762331e-01 5.000000000000000000e+00
-5.000000000000000000e+00 3.321702127659574622e+00
-5.000000000000000000e+00 2.798297872340425485e+00
-5.000000000000000000e+00 1.792340425531915082e+00
-5.000000000000000000e+00 3.322553191489361790e+00
-5.000000000000000000e+00 1.253617021276595800e+00
-5.000000000000000000e+00 4.546382978723404911e+00
-5.000000000000000000e+00 9.268085106382980554e-01
-5.000000000000000000e+00 3.451914893617022084e+00
-4.885106382978721129e-01 5.000000000000000000e+00
-5.000000000000000000e+00 2.689361702127660347e+00
-5.000000000000000000e+00 6.212765957446806375e-01
