-5.534399999999999764e+00 5.000000000000000000e+00
-5.000000000000000000e+00 7.848000000000000753e+00
-1.284959999999999880e+01 5.000000000000000000e+00
-5.000000000000000000e+00 1.159360000000000213e+01
-5.000000000000000000e+00 9.838400000000000034e+00
-5.000000000000000000e+00 5.300800000000000622e+00
-6.756800000000000139e+00 5.000000000000000000e+00
-6.401599999999998403e+00 5.000000000000000000e+00
-5.000000000000000000e+00 8.000000000000000000e+00
-5.000000000000000000e+00 1.196160000000000068e+01
-6.687999999999998835e+00 5.000000000000000000e+00
-1.028320000000000078e+01 5.000000000000000000e+00
-1.281759999999999877e+01 5.000000000000000000e+00
-5.000000000000000000e+00 1.278719999999999857e+01
-5.000000000000000000e+00 5.567999999999999616e+00
-5.000000000000000000e+00 7.473600000000001131e+00
-5.000000000000000000e+00 9.100800000000001333e+00
-5.000000000000000000e+00 5.598399999999999821e+00
-5.727999999999999758e+00 5.000000000000000000e+00
-5.000000000000000000e+00 1.290240000000000009e+01
