-8.524444444444442270e-01 5.000000000000000000e+00
-5.000000000000000000e+00 2.137777777777777999e+00
-4.916444444444444173e+00 5.000000000000000000e+00
-5.000000000000000000e+00 4.218666666666667453e+00
-5.000000000000000000e+00 3.243555555555555525e+00
-5.000000000000000000e+00 7.226666666666670125e-01
-1.531555555555555781e+00 5.000000000000000000e+00
-1.334222222222221754e+00 5.000000000000000000e+00
-5.000000000000000000e+00 2.222222222222222321e+00
-5.000000000000000000e+00 4.423111111111111882e+00
-1.493333333333333179e+00 5.000000000000000000e+00
-3.490666666666666806e+00 5.000000000000000000e+00
-4.898666666666666281e+00 5.000000000000000000e+00
-5.000000000000000000e+00 4.881777777777777771e+00
-5.000000000000000000e+00 8.711111111111108363e-01
-5.000000000000000000e+00 1.929777777777778480e+00
-5.000000000000000000e+00 2.833777777777778617e+00
-5.000000000000000000e+00 8.880000000000000115e-01
-9.599999999999998535e-01 5.000000000000000000e+00
-5.000000000000000000e+00 4.945777777777777828e+00
