-3.204040404040403023e-01 5.000000000000000000e+00
-5.000000000000000000e+00 1.488888888888889372e+00
-4.014949494949494380e+00 5.000000000000000000e+00
-5.000000000000000000e+00 3.380606060606060836e+00
-5.000000000000000000e+00 2.494141414141413993e+00
-5.000000000000000000e+00 2.024242424242427285e-01
-9.377777777777778212e-01 5.000000000000000000e+00
-7.583838383838380492e-01 5.000000000000000000e+00
-5.000000000000000000e+00 1.565656565656565746e+00
-5.000000000000000000e+00 3.566464646464647004e+00
-9.030303030303028500e-01 5.000000000000000000e+00
-2.718787878787878753e+00 5.000000000000000000e+00
-3.998787878787878558e+00 5.000000000000000000e+00
-5.000000000000000000e+00 3.983434343434343550e+00
-5.000000000000000000e+00 3.373737373737371592e-01
-5.000000000000000000e+00 1.299797979797980396e+00
-5.000000000000000000e+00 2.121616161616162177e+00
-5.000000000000000000e+00 3.527272727272726116e-01
-4.181818181818180435e-01 5.000000000000000000e+00
-5.000000000000000000e+00 4.041616161616161662e+00
