-7.252173913043475917e-01 5.000000000000000000e+00
-5.000000000000000000e+00 1.982608695652174458e+00
-4.700869565217391077e+00 5.000000000000000000e+00
-5.000000000000000000e+00 4.018260869565217774e+00
-5.000000000000000000e+00 3.064347826086956772e+00
-5.000000000000000000e+00 5.982608695652176234e-01
-1.389565217391304452e+00 5.000000000000000000e+00
-1.196521739130434359e+00 5.000000000000000000e+00
-5.000000000000000000e+00 2.065217391304347672e+00
-5.000000000000000000e+00 4.218260869565217952e+00
-1.352173913043478004e+00 5.000000000000000000e+00
-3.306086956521739229e+00 5.000000000000000000e+00
-4.683478260869565091e+00 5.000000000000000000e+00
-5.000000000000000000e+00 4.666956521739130892e+00
-5.000000000000000000e+00 7.434782608695649220e-01
-5.000000000000000000e+00 1.779130434782609349e+00
-5.000000000000000000e+00 2.663478260869565961e+00
-5.000000000000000000e+00 7.599999999999997868e-01
-8.304347826086955209e-01 5.000000000000000000e+00
-5.000000000000000000e+00 4.729565217391304088e+00
