-6.034042553191487634e-01 5.000000000000000000e+00
-5.000000000000000000e+00 1.834042553191489677e+00
-4.494468085106382738e+00 5.000000000000000000e+00
-5.000000000000000000e+00 3.826382978723404271e+00
-5.000000000000000000e+00 2.892765957446808756e+00
-5.000000000000000000e+00 4.791489361702130911e-01
-1.253617021276595800e+00 5.000000000000000000e+00
-1.064680851063829481e+00 5.000000000000000000e+00
-5.000000000000000000e+00 1.914893617021276695e+00
-5.000000000000000000e+00 4.022127659574468161e+00
-1.217021276595744439e+00 5.000000000000000000e+00
-3.129361702127659406e+00 5.000000000000000000e+00
-4.477446808510638476e+00 5.000000000000000000e+00
-5.000000000000000000e+00 4.461276595744680940e+00
-5.000000000000000000e+00 6.212765957446806375e-01
-5.000000000000000000e+00 1.634893617021277112e+00
-5.000000000000000000e+00 2.500425531914894250e+00
-5.000000000000000000e+00 6.374468085106381743e-01
-7.063829787234041646e-01 5.000000000000000000e+00
-5.000000000000000000e+00 4.522553191489361524e+00
