-4.866666666666665808e-01 5.000000000000000000e+00
-5.000000000000000000e+00 1.691666666666667096e+00
-4.296666666666666856e+00 5.000000000000000000e+00
-5.000000000000000000e+00 3.642500000000000071e+00
-5.000000000000000000e+00 2.728333333333333499e+00
-5.000000000000000000e+00 3.650000000000003242e-01
-1.123333333333333517e+00 5.000000000000000000e+00
-9.383333333333330195e-01 5.000000000000000000e+00
-5.000000000000000000e+00 1.770833333333333481e+00
-5.000000000000000000e+00 3.834166666666666945e+00
-1.087499999999999911e+00 5.000000000000000000e+00
-2.959999999999999964e+00 5.000000000000000000e+00
-4.280000000000000249e+00 5.000000000000000000e+00
-5.000000000000000000e+00 4.264166666666667105e+00
-5.000000000000000000e+00 5.041666666666664298e-01
-5.000000000000000000e+00 1.496666666666667256e+00
-5.000000000000000000e+00 2.344166666666667176e+00
-5.000000000000000000e+00 5.199999999999999067e-01
-5.874999999999999112e-01 5.000000000000000000e+00
-5.000000000000000000e+00 4.324166666666666714e+00
