-3.746938775510202935e-01 5.000000000000000000e+00
-5.000000000000000000e+00 1.555102040816326969e+00
-4.106938775510204032e+00 5.000000000000000000e+00
-5.000000000000000000e+00 3.466122448979592097e+00
-5.000000000000000000e+00 2.570612244897959364e+00
-5.000000000000000000e+00 2.555102040816329412e-01
-9.983673469387756017e-01 5.000000000000000000e+00
-8.171428571428567267e-01 5.000000000000000000e+00
-5.000000000000000000e+00 1.632653061224489832e+00
-5.000000000000000000e+00 3.653877551020408454e+00
-9.632653061224488722e-01 5.000000000000000000e+00
-2.797551020408163058e+00 5.000000000000000000e+00
-4.090612244897958938e+00 5.000000000000000000e+00
-5.000000000000000000e+00 4.075102040816326543e+00
-5.000000000000000000e+00 3.918367346938773643e-01
-5.000000000000000000e+00 1.364081632653061815e+00
-5.000000000000000000e+00 2.194285714285714839e+00
-5.000000000000000000e+00 4.073469387755100923e-01
-4.734693877551019447e-01 5.000000000000000000e+00
-5.000000000000000000e+00 4.133877551020407992e+00
