-5.000000000000000000e+00 3.973333333333334050e+00
-5.000000000000000000e+00 8.700000000000002176e-01
-1.689166666666666483e+00 5.000000000000000000e+00
-2.450833333333333641e+00 5.000000000000000000e+00
-5.000000000000000000e+00 3.642500000000000071e+00
-3.141666666666665941e-01 5.000000000000000000e+00
-2.786666666666666625e+00 5.000000000000000000e+00
-2.099166666666666625e+00 5.000000000000000000e+00
-5.000000000000000000e+00 1.575833333333333641e+00
-2.992499999999999716e+00 5.000000000000000000e+00
-5.000000000000000000e+00 2.960833333333333428e+00
-5.000000000000000000e+00 1.375000000000000000e+00
-2.885833333333333695e+00 5.000000000000000000e+00
-5.000000000000000000e+00 2.524999999999997247e-01
-5.000000000000000000e+00 2.334166666666666501e+00
-5.000000000000000000e+00 5.358333333333333837e-01
-8.658333333333331217e-01 5.000000000000000000e+00
-1.570833333333333082e+00 5.000000000000000000e+00
-5.000000000000000000e+00 5.841666666666669450e-01
-1.411666666666666403e+00 5.000000000000000000e+00
