-5.000000000000000000e+00 3.790204081632653654e+00
-5.000000000000000000e+00 7.502040816326532857e-01
-1.552653061224489539e+00 5.000000000000000000e+00
-2.298775510204081662e+00 5.000000000000000000e+00
-5.000000000000000000e+00 3.466122448979592097e+00
-2.057142857142856274e-01 5.000000000000000000e+00
-2.627755102040816304e+00 5.000000000000000000e+00
-1.954285714285714182e+00 5.000000000000000000e+00
-5.000000000000000000e+00 1.441632653061224678e+00
-2.829387755102040547e+00 5.000000000000000000e+00
-5.000000000000000000e+00 2.798367346938775757e+00
-5.000000000000000000e+00 1.244897959183673519e+00
-2.724897959183673724e+00 5.000000000000000000e+00
-5.000000000000000000e+00 1.453061224489793635e-01
-5.000000000000000000e+00 2.184489795918367339e+00
-5.000000000000000000e+00 4.228571428571428759e-01
-7.461224489795915682e-01 5.000000000000000000e+00
-1.436734693877550928e+00 5.000000000000000000e+00
-5.000000000000000000e+00 4.702040816326533146e-01
-1.280816326530612059e+00 5.000000000000000000e+00
