-5.000000000000000000e+00 4.571555555555556261e+00
-5.000000000000000000e+00 1.261333333333333417e+00
-2.135111111111110738e+00 5.000000000000000000e+00
-2.947555555555555706e+00 5.000000000000000000e+00
-5.000000000000000000e+00 4.218666666666667453e+00
-6.684444444444442857e-01 5.000000000000000000e+00
-3.305777777777778148e+00 5.000000000000000000e+00
-2.572444444444444311e+00 5.000000000000000000e+00
-5.000000000000000000e+00 2.014222222222222580e+00
-3.525333333333332764e+00 5.000000000000000000e+00
-5.000000000000000000e+00 3.491555555555555745e+00
-5.000000000000000000e+00 1.800000000000000266e+00
-3.411555555555555674e+00 5.000000000000000000e+00
-5.000000000000000000e+00 6.026666666666664618e-01
-5.000000000000000000e+00 2.823111111111111349e+00
-5.000000000000000000e+00 9.048888888888889648e-01
-1.256888888888888722e+00 5.000000000000000000e+00
-2.008888888888888502e+00 5.000000000000000000e+00
-5.000000000000000000e+00 9.564444444444446525e-01
-1.839111111111110919e+00 5.000000000000000000e+00
