-5.000000000000000000e+00 4.363478260869565695e+00
-5.000000000000000000e+00 1.125217391304348169e+00
-1.979999999999999538e+00 5.000000000000000000e+00
-2.774782608695652186e+00 5.000000000000000000e+00
-5.000000000000000000e+00 4.018260869565217774e+00
-5.452173913043476539e-01 5.000000000000000000e+00
-3.125217391304347725e+00 5.000000000000000000e+00
-2.407826086956521561e+00 5.000000000000000000e+00
-5.000000000000000000e+00 1.861739130434782785e+00
-3.339999999999999858e+00 5.000000000000000000e+00
-5.000000000000000000e+00 3.306956521739130572e+00
-5.000000000000000000e+00 1.652173913043478493e+00
-3.228695652173913189e+00 5.000000000000000000e+00
-5.000000000000000000e+00 4.808695652173910484e-01
-5.000000000000000000e+00 2.653043478260869392e+00
-5.000000000000000000e+00 7.765217391304348737e-01
-1.120869565217391006e+00 5.000000000000000000e+00
-1.856521739130434501e+00 5.000000000000000000e+00
-5.000000000000000000e+00 8.269565217391305900e-01
-1.690434782608695397e+00 5.000000000000000000e+00
