-5.000000000000000000e+00 4.164255319148937318e+00
-5.000000000000000000e+00 9.948936170212768770e-01
-1.831489361702127283e+00 5.000000000000000000e+00
-2.609361702127659832e+00 5.000000000000000000e+00
-5.000000000000000000e+00 3.826382978723404271e+00
-4.272340425531914176e-01 5.000000000000000000e+00
-2.952340425531915002e+00 5.000000000000000000e+00
-2.250212765957446681e+00 5.000000000000000000e+00
-5.000000000000000000e+00 1.715744680851063908e+00
-3.162553191489361204e+00 5.000000000000000000e+00
-5.000000000000000000e+00 3.130212765957447019e+00
-5.000000000000000000e+00 1.510638297872340496e+00
-3.053617021276596066e+00 5.000000000000000000e+00
-5.000000000000000000e+00 3.642553191489359410e-01
-5.000000000000000000e+00 2.490212765957446894e+00
-5.000000000000000000e+00 6.536170212765957110e-01
-9.906382978723401456e-01 5.000000000000000000e+00
-1.710638297872340230e+00 5.000000000000000000e+00
-5.000000000000000000e+00 7.029787234042554900e-01
-1.548085106382978582e+00 5.000000000000000000e+00
