-5.000000000000000000e+00 3.701414141414141934e+00
-5.000000000000000000e+00 6.921212121212123591e-01
-1.486464646464646266e+00 5.000000000000000000e+00
-2.225050505050504945e+00 5.000000000000000000e+00
-5.000000000000000000e+00 3.380606060606060836e+00
-1.531313131313130349e-01 5.000000000000000000e+00
-2.550707070707070923e+00 5.000000000000000000e+00
-1.884040404040403960e+00 5.000000000000000000e+00
-5.000000000000000000e+00 1.376565656565656770e+00
-2.750303030303030027e+00 5.000000000000000000e+00
-5.000000000000000000e+00 2.719595959595960011e+00
-5.000000000000000000e+00 1.181818181818181879e+00
-2.646868686868687259e+00 5.000000000000000000e+00
-5.000000000000000000e+00 9.333333333333310167e-02
-5.000000000000000000e+00 2.111919191919191974e+00
-5.000000000000000000e+00 3.680808080808081195e-01
-6.880808080808078486e-01 5.000000000000000000e+00
-1.371717171717171446e+00 5.000000000000000000e+00
-5.000000000000000000e+00 4.149494949494951790e-01
-1.217373737373737219e+00 5.000000000000000000e+00
