-5.000000000000000000e+00 1.222879999999999967e+01
-5.000000000000000000e+00 6.270400000000000418e+00
-7.843199999999999505e+00 5.000000000000000000e+00
-9.305600000000000094e+00 5.000000000000000000e+00
-5.000000000000000000e+00 1.159360000000000213e+01
-5.203199999999998937e+00 5.000000000000000000e+00
-9.950400000000000134e+00 5.000000000000000000e+00
-8.630399999999999849e+00 5.000000000000000000e+00
-5.000000000000000000e+00 7.625600000000000378e+00
-1.034559999999999924e+01 5.000000000000000000e+00
-5.000000000000000000e+00 1.028480000000000061e+01
-5.000000000000000000e+00 7.240000000000000213e+00
-1.014080000000000048e+01 5.000000000000000000e+00
-5.000000000000000000e+00 5.084799999999999542e+00
-5.000000000000000000e+00 9.081599999999999895e+00
-5.000000000000000000e+00 5.628800000000000026e+00
-6.262399999999999523e+00 5.000000000000000000e+00
-7.615999999999999659e+00 5.000000000000000000e+00
-5.000000000000000000e+00 5.721600000000000463e+00
-7.310399999999999565e+00 5.000000000000000000e+00
