-5.000000000000000000e+00 6.080000000000000071e+00
-9.000000000000000000e+00 5.000000000000000000e+00
-5.139199999999998880e+00 5.000000000000000000e+00
-5.000000000000000000e+00 9.793600000000001415e+00
-5.603199999999999292e+00 5.000000000000000000e+00
-5.000000000000000000e+00 8.118400000000001171e+00
-1.074879999999999924e+01 5.000000000000000000e+00
-9.257600000000000051e+00 5.000000000000000000e+00
-1.146079999999999899e+01 5.000000000000000000e+00
-7.847999999999998977e+00 5.000000000000000000e+00
-5.000000000000000000e+00 1.202720000000000056e+01
-7.307199999999999918e+00 5.000000000000000000e+00
-5.000000000000000000e+00 5.881600000000000605e+00
-1.173120000000000118e+01 5.000000000000000000e+00
-5.000000000000000000e+00 6.713600000000001344e+00
-7.854400000000000048e+00 5.000000000000000000e+00
-5.000000000000000000e+00 5.398400000000000531e+00
-1.092159999999999975e+01 5.000000000000000000e+00
-5.147199999999999775e+00 5.000000000000000000e+00
-5.899200000000000443e+00 5.000000000000000000e+00
