-5.000000000000000000e+00 5.959595959595960224e-01
-2.070707070707070940e+00 5.000000000000000000e+00
-1.208080808080806978e-01 5.000000000000000000e+00
-5.000000000000000000e+00 2.471515151515152109e+00
-3.551515151515147739e-01 5.000000000000000000e+00
-5.000000000000000000e+00 1.625454545454546151e+00
-2.953939393939393643e+00 5.000000000000000000e+00
-2.200808080808080991e+00 5.000000000000000000e+00
-3.313535353535353334e+00 5.000000000000000000e+00
-1.488888888888888928e+00 5.000000000000000000e+00
-5.000000000000000000e+00 3.599595959595959904e+00
-1.215757575757575815e+00 5.000000000000000000e+00
-5.000000000000000000e+00 4.957575757575760633e-01
-3.450101010101009891e+00 5.000000000000000000e+00
-5.000000000000000000e+00 9.159595959595966397e-01
-1.492121212121212182e+00 5.000000000000000000e+00
-5.000000000000000000e+00 2.517171717171720058e-01
-3.041212121212121033e+00 5.000000000000000000e+00
-1.248484848484847365e-01 5.000000000000000000e+00
-5.046464646464644543e-01 5.000000000000000000e+00
