-5.000000000000000000e+00 1.021739130434782705e+00
-2.608695652173913082e+00 5.000000000000000000e+00
-5.104347826086954587e-01 5.000000000000000000e+00
-5.000000000000000000e+00 3.040000000000000924e+00
-7.626086956521735960e-01 5.000000000000000000e+00
-5.000000000000000000e+00 2.129565217391304888e+00
-3.559130434782608265e+00 5.000000000000000000e+00
-2.748695652173913206e+00 5.000000000000000000e+00
-3.946086956521738909e+00 5.000000000000000000e+00
-1.982608695652173791e+00 5.000000000000000000e+00
-5.000000000000000000e+00 4.253913043478260825e+00
-1.688695652173912931e+00 5.000000000000000000e+00
-5.000000000000000000e+00 9.139130434782611889e-01
-4.093043478260868895e+00 5.000000000000000000e+00
-5.000000000000000000e+00 1.366086956521739726e+00
-1.986086956521738944e+00 5.000000000000000000e+00
-5.000000000000000000e+00 6.513043478260872599e-01
-3.653043478260869392e+00 5.000000000000000000e+00
-5.147826086956520664e-01 5.000000000000000000e+00
-9.234782608695649708e-01 5.000000000000000000e+00
