-5.000000000000000000e+00 8.936170212765957022e-01
-2.446808510638297740e+00 5.000000000000000000e+00
-3.931914893617019513e-01 5.000000000000000000e+00
-5.000000000000000000e+00 2.868936170212766701e+00
-6.399999999999996803e-01 5.000000000000000000e+00
-5.000000000000000000e+00 1.977872340425532505e+00
-3.377021276595744137e+00 5.000000000000000000e+00
-2.583829787234042552e+00 5.000000000000000000e+00
-3.755744680851063499e+00 5.000000000000000000e+00
-1.834042553191489233e+00 5.000000000000000000e+00
-5.000000000000000000e+00 4.057021276595745185e+00
-1.546382978723404245e+00 5.000000000000000000e+00
-5.000000000000000000e+00 7.880851063829790171e-01
-3.899574468085106105e+00 5.000000000000000000e+00
-5.000000000000000000e+00 1.230638297872341136e+00
-1.837446808510638352e+00 5.000000000000000000e+00
-5.000000000000000000e+00 5.310638297872343205e-01
-3.468936170212765902e+00 5.000000000000000000e+00
-3.974468085106381832e-01 5.000000000000000000e+00
-7.974468085106380943e-01 5.000000000000000000e+00
