-5.000000000000000000e+00 7.708333333333333703e-01
-2.291666666666666519e+00 5.000000000000000000e+00
-2.808333333333332127e-01 5.000000000000000000e+00
-5.000000000000000000e+00 2.705000000000000959e+00
-5.224999999999996314e-01 5.000000000000000000e+00
-5.000000000000000000e+00 1.832500000000000684e+00
-3.202499999999999680e+00 5.000000000000000000e+00
-2.425833333333333286e+00 5.000000000000000000e+00
-3.573333333333333250e+00 5.000000000000000000e+00
-1.691666666666666652e+00 5.000000000000000000e+00
-5.000000000000000000e+00 3.868333333333333623e+00
-1.409999999999999920e+00 5.000000000000000000e+00
-5.000000000000000000e+00 6.675000000000003153e-01
-3.714166666666666394e+00 5.000000000000000000e+00
-5.000000000000000000e+00 1.100833333333333997e+00
-1.695000000000000062e+00 5.000000000000000000e+00
-5.000000000000000000e+00 4.158333333333336101e-01
-3.292499999999999982e+00 5.000000000000000000e+00
-2.849999999999999201e-01 5.000000000000000000e+00
-6.766666666666665275e-01 5.000000000000000000e+00
