-5.000000000000000000e+00 6.530612244897959773e-01
-2.142857142857142794e+00 5.000000000000000000e+00
-1.730612244897958008e-01 5.000000000000000000e+00
-5.000000000000000000e+00 2.547755102040817121e+00
-4.097959183673465788e-01 5.000000000000000000e+00
-5.000000000000000000e+00 1.693061224489796457e+00
-3.035102040816326063e+00 5.000000000000000000e+00
-2.274285714285714466e+00 5.000000000000000000e+00
-3.398367346938775402e+00 5.000000000000000000e+00
-1.555102040816326525e+00 5.000000000000000000e+00
-5.000000000000000000e+00 3.687346938775510452e+00
-1.279183673469387772e+00 5.000000000000000000e+00
-5.000000000000000000e+00 5.518367346938778395e-01
-3.536326530612244667e+00 5.000000000000000000e+00
-5.000000000000000000e+00 9.763265306122456133e-01
-1.558367346938775544e+00 5.000000000000000000e+00
-5.000000000000000000e+00 3.053061224489798664e-01
-3.123265306122448681e+00 5.000000000000000000e+00
-1.771428571428570464e-01 5.000000000000000000e+00
-5.608163265306120859e-01 5.000000000000000000e+00
