-5.000000000000000000e+00 1.155555555555555669e+00
-2.777777777777777679e+00 5.000000000000000000e+00
-6.328888888888887232e-01 5.000000000000000000e+00
-5.000000000000000000e+00 3.218666666666667453e+00
-8.906666666666662735e-01 5.000000000000000000e+00
-5.000000000000000000e+00 2.288000000000000700e+00
-3.749333333333332963e+00 5.000000000000000000e+00
-2.920888888888888868e+00 5.000000000000000000e+00
-4.144888888888888623e+00 5.000000000000000000e+00
-2.137777777777777555e+00 5.000000000000000000e+00
-5.000000000000000000e+00 4.459555555555556161e+00
-1.837333333333333263e+00 5.000000000000000000e+00
-5.000000000000000000e+00 1.045333333333333670e+00
-4.295111111111110880e+00 5.000000000000000000e+00
-5.000000000000000000e+00 1.507555555555556204e+00
-2.141333333333333311e+00 5.000000000000000000e+00
-5.000000000000000000e+00 7.768888888888891842e-01
-3.845333333333333048e+00 5.000000000000000000e+00
-6.373333333333331963e-01 5.000000000000000000e+00
-1.055111111111110889e+00 5.000000000000000000e+00
