-5.000000000000000000e+00 3.996734693877551869e+00
-5.000000000000000000e+00 2.318367346938777773e-01
-1.444897959183672198e-01 5.000000000000000000e+00
-3.591836734693875099e-01 5.000000000000000000e+00
-5.000000000000000000e+00 4.041632653061224545e+00
-3.308571428571428275e+00 5.000000000000000000e+00
-5.000000000000000000e+00 1.797551020408163280e+00
-3.182857142857142829e+00 5.000000000000000000e+00
-5.000000000000000000e+00 6.661224489795922743e-01
-5.000000000000000000e+00 2.946122448979592079e+00
-3.591836734693877542e+00 5.000000000000000000e+00
-5.000000000000000000e+00 1.832653061224490454e+00
-5.000000000000000000e+00 6.089795918367351124e-01
-5.000000000000000000e+00 2.924081632653061202e+00
-3.248979591836733682e-01 5.000000000000000000e+00
-4.165714285714285481e+00 5.000000000000000000e+00
-5.000000000000000000e+00 6.155102040816331499e-01
-1.084897959183673599e+00 5.000000000000000000e+00
-5.000000000000000000e+00 9.918367346938774531e-01
-2.702857142857142847e+00 5.000000000000000000e+00
