-5.000000000000000000e+00 3.905858585858586363e+00
-5.000000000000000000e+00 1.789898989898991988e-01
-9.252525252525238553e-02 5.000000000000000000e+00
-3.050505050505048499e-01 5.000000000000000000e+00
-5.000000000000000000e+00 3.950303030303030649e+00
-3.224646464646464317e+00 5.000000000000000000e+00
-5.000000000000000000e+00 1.728888888888888919e+00
-3.100202020202020403e+00 5.000000000000000000e+00
-5.000000000000000000e+00 6.088888888888892570e-01
-5.000000000000000000e+00 2.865858585858586327e+00
-3.505050505050505194e+00 5.000000000000000000e+00
-5.000000000000000000e+00 1.763636363636364335e+00
-5.000000000000000000e+00 5.523232323232326602e-01
-5.000000000000000000e+00 2.844040404040403924e+00
-2.711111111111110250e-01 5.000000000000000000e+00
-4.073131313131312936e+00 5.000000000000000000e+00
-5.000000000000000000e+00 5.587878787878792775e-01
-1.023434343434343585e+00 5.000000000000000000e+00
-5.000000000000000000e+00 9.313131313131312039e-01
-2.625050505050504857e+00 5.000000000000000000e+00
