-5.000000000000000000e+00 4.184166666666667034e+00
-5.000000000000000000e+00 3.408333333333335435e-01
-2.516666666666665386e-01 5.000000000000000000e+00
-4.708333333333331039e-01 5.000000000000000000e+00
-5.000000000000000000e+00 4.230000000000000426e+00
-3.481666666666666465e+00 5.000000000000000000e+00
-5.000000000000000000e+00 1.939166666666666483e+00
-3.353333333333333499e+00 5.000000000000000000e+00
-5.000000000000000000e+00 7.841666666666671226e-01
-5.000000000000000000e+00 3.111666666666667247e+00
-3.770833333333333037e+00 5.000000000000000000e+00
-5.000000000000000000e+00 1.975000000000000533e+00
-5.000000000000000000e+00 7.258333333333337745e-01
-5.000000000000000000e+00 3.089166666666666838e+00
-4.358333333333332948e-01 5.000000000000000000e+00
-4.356666666666666465e+00 5.000000000000000000e+00
-5.000000000000000000e+00 7.325000000000005951e-01
-1.211666666666666670e+00 5.000000000000000000e+00
-5.000000000000000000e+00 1.116666666666666474e+00
-2.863333333333333286e+00 5.000000000000000000e+00
