-5.000000000000000000e+00 1.263360000000000127e+01
-5.000000000000000000e+00 5.254400000000000404e+00
-5.083199999999999719e+00 5.000000000000000000e+00
-5.503999999999999559e+00 5.000000000000000000e+00
-5.000000000000000000e+00 1.272160000000000224e+01
-1.128480000000000061e+01 5.000000000000000000e+00
-5.000000000000000000e+00 8.323199999999999932e+00
-1.103839999999999932e+01 5.000000000000000000e+00
-5.000000000000000000e+00 6.105600000000000804e+00
-5.000000000000000000e+00 1.057440000000000069e+01
-1.183999999999999986e+01 5.000000000000000000e+00
-5.000000000000000000e+00 8.392000000000001236e+00
-5.000000000000000000e+00 5.993600000000000705e+00
-5.000000000000000000e+00 1.053120000000000012e+01
-5.436799999999999855e+00 5.000000000000000000e+00
-1.296480000000000032e+01 5.000000000000000000e+00
-5.000000000000000000e+00 6.006400000000001071e+00
-6.926400000000001000e+00 5.000000000000000000e+00
-5.000000000000000000e+00 6.743999999999999773e+00
-1.009759999999999991e+01 5.000000000000000000e+00
