-5.000000000000000000e+00 4.796444444444444954e+00
-5.000000000000000000e+00 6.968888888888891131e-01
-6.017777777777776338e-01 5.000000000000000000e+00
-8.355555555555552738e-01 5.000000000000000000e+00
-5.000000000000000000e+00 4.845333333333333492e+00
-4.047111111111110660e+00 5.000000000000000000e+00
-5.000000000000000000e+00 2.401777777777777789e+00
-3.910222222222222044e+00 5.000000000000000000e+00
-5.000000000000000000e+00 1.169777777777778249e+00
-5.000000000000000000e+00 3.652444444444444827e+00
-4.355555555555555181e+00 5.000000000000000000e+00
-5.000000000000000000e+00 2.440000000000000835e+00
-5.000000000000000000e+00 1.107555555555555848e+00
-5.000000000000000000e+00 3.628444444444444361e+00
-7.982222222222220553e-01 5.000000000000000000e+00
-4.980444444444444230e+00 5.000000000000000000e+00
-5.000000000000000000e+00 1.114666666666667361e+00
-1.625777777777777988e+00 5.000000000000000000e+00
-5.000000000000000000e+00 1.524444444444444269e+00
-3.387555555555555209e+00 5.000000000000000000e+00
