-5.000000000000000000e+00 4.379574468085107419e+00
-5.000000000000000000e+00 4.544680851063832017e-01
-3.634042553191487723e-01 5.000000000000000000e+00
-5.872340425531912267e-01 5.000000000000000000e+00
-5.000000000000000000e+00 4.426382978723404804e+00
-3.662127659574467842e+00 5.000000000000000000e+00
-5.000000000000000000e+00 2.086808510638297864e+00
-3.531063829787234098e+00 5.000000000000000000e+00
-5.000000000000000000e+00 9.072340425531919550e-01
-5.000000000000000000e+00 3.284255319148936536e+00
-3.957446808510638014e+00 5.000000000000000000e+00
-5.000000000000000000e+00 2.123404255319149669e+00
-5.000000000000000000e+00 8.476595744680854860e-01
-5.000000000000000000e+00 3.261276595744680762e+00
-5.514893617021275896e-01 5.000000000000000000e+00
-4.555744680851064210e+00 5.000000000000000000e+00
-5.000000000000000000e+00 8.544680851063835014e-01
-1.343829787234042561e+00 5.000000000000000000e+00
-5.000000000000000000e+00 1.246808510638297784e+00
-3.030638297872340292e+00 5.000000000000000000e+00
