-5.000000000000000000e+00 4.583478260869565446e+00
-5.000000000000000000e+00 5.730434782608697653e-01
-4.799999999999998712e-01 5.000000000000000000e+00
-7.086956521739127268e-01 5.000000000000000000e+00
-5.000000000000000000e+00 4.631304347826087131e+00
-3.850434782608695539e+00 5.000000000000000000e+00
-5.000000000000000000e+00 2.240869565217391113e+00
-3.716521739130434820e+00 5.000000000000000000e+00
-5.000000000000000000e+00 1.035652173913043983e+00
-5.000000000000000000e+00 3.464347826086957127e+00
-4.152173913043478493e+00 5.000000000000000000e+00
-5.000000000000000000e+00 2.278260869565218005e+00
-5.000000000000000000e+00 9.747826086956525860e-01
-5.000000000000000000e+00 3.440869565217391290e+00
-6.721739130434781773e-01 5.000000000000000000e+00
-4.763478260869565162e+00 5.000000000000000000e+00
-5.000000000000000000e+00 9.817391304347831138e-01
-1.481739130434782670e+00 5.000000000000000000e+00
-5.000000000000000000e+00 1.382608695652173925e+00
-3.205217391304347796e+00 5.000000000000000000e+00
