-9.580799999999999983e+00 5.000000000000000000e+00
-5.000000000000000000e+00 7.755200000000000315e+00
-5.887999999999999901e+00 5.000000000000000000e+00
-8.673600000000000421e+00 5.000000000000000000e+00
-5.766400000000000858e+00 5.000000000000000000e+00
-5.000000000000000000e+00 5.967999999999999972e+00
-5.000000000000000000e+00 6.793599999999999639e+00
-1.234239999999999782e+01 5.000000000000000000e+00
-8.372799999999999798e+00 5.000000000000000000e+00
-5.000000000000000000e+00 9.328000000000001180e+00
-9.947200000000000486e+00 5.000000000000000000e+00
-5.000000000000000000e+00 6.761599999999999611e+00
-5.000000000000000000e+00 7.134400000000001185e+00
-9.371199999999999974e+00 5.000000000000000000e+00
-1.050239999999999974e+01 5.000000000000000000e+00
-5.000000000000000000e+00 1.169440000000000168e+01
-5.000000000000000000e+00 1.145759999999999934e+01
-5.000000000000000000e+00 6.622400000000000730e+00
-5.862400000000000944e+00 5.000000000000000000e+00
-1.128800000000000026e+01 5.000000000000000000e+00
