-2.924347826086956204e+00 5.000000000000000000e+00
-5.000000000000000000e+00 1.932173913043478297e+00
-9.173913043478260088e-01 5.000000000000000000e+00
-2.431304347826086953e+00 5.000000000000000000e+00
-8.513043478260868824e-01 5.000000000000000000e+00
-5.000000000000000000e+00 9.608695652173913082e-01
-5.000000000000000000e+00 1.409565217391304248e+00
-4.425217391304347103e+00 5.000000000000000000e+00
-2.267826086956521436e+00 5.000000000000000000e+00
-5.000000000000000000e+00 2.786956521739130999e+00
-3.123478260869565482e+00 5.000000000000000000e+00
-5.000000000000000000e+00 1.392173913043478040e+00
-5.000000000000000000e+00 1.594782608695652915e+00
-2.810434782608695503e+00 5.000000000000000000e+00
-3.425217391304347547e+00 5.000000000000000000e+00
-5.000000000000000000e+00 4.073043478260869321e+00
-5.000000000000000000e+00 3.944347826086957109e+00
-5.000000000000000000e+00 1.316521739130435131e+00
-9.034782608695652861e-01 5.000000000000000000e+00
-3.852173913043478226e+00 5.000000000000000000e+00
