-3.100444444444444336e+00 5.000000000000000000e+00
-5.000000000000000000e+00 2.086222222222222644e+00
-1.048888888888888982e+00 5.000000000000000000e+00
-2.596444444444444333e+00 5.000000000000000000e+00
-9.813333333333332797e-01 5.000000000000000000e+00
-5.000000000000000000e+00 1.093333333333333268e+00
-5.000000000000000000e+00 1.551999999999999824e+00
-4.634666666666666046e+00 5.000000000000000000e+00
-2.429333333333333123e+00 5.000000000000000000e+00
-5.000000000000000000e+00 2.960000000000000853e+00
-3.304000000000000270e+00 5.000000000000000000e+00
-5.000000000000000000e+00 1.534222222222222154e+00
-5.000000000000000000e+00 1.741333333333334066e+00
-2.983999999999999986e+00 5.000000000000000000e+00
-3.612444444444444347e+00 5.000000000000000000e+00
-5.000000000000000000e+00 4.274666666666666615e+00
-5.000000000000000000e+00 4.143111111111111633e+00
-5.000000000000000000e+00 1.456888888888889344e+00
-1.034666666666666845e+00 5.000000000000000000e+00
-4.048888888888889426e+00 5.000000000000000000e+00
