-2.439183673469387692e+00 5.000000000000000000e+00
-5.000000000000000000e+00 1.507755102040816420e+00
-5.551020408163265252e-01 5.000000000000000000e+00
-1.976326530612244614e+00 5.000000000000000000e+00
-4.930612244897959462e-01 5.000000000000000000e+00
-5.000000000000000000e+00 5.959183673469388154e-01
-5.000000000000000000e+00 1.017142857142856904e+00
-3.848163265306122405e+00 5.000000000000000000e+00
-1.822857142857142732e+00 5.000000000000000000e+00
-5.000000000000000000e+00 2.310204081632653672e+00
-2.626122448979592239e+00 5.000000000000000000e+00
-5.000000000000000000e+00 1.000816326530612033e+00
-5.000000000000000000e+00 1.191020408163265820e+00
-2.332244897959183660e+00 5.000000000000000000e+00
-2.909387755102040618e+00 5.000000000000000000e+00
-5.000000000000000000e+00 3.517551020408163254e+00
-5.000000000000000000e+00 3.396734693877551781e+00
-5.000000000000000000e+00 9.297959183673473182e-01
-5.420408163265306722e-01 5.000000000000000000e+00
-3.310204081632653228e+00 5.000000000000000000e+00
