-2.755744680851063944e+00 5.000000000000000000e+00
-5.000000000000000000e+00 1.784680851063829898e+00
-7.914893617021276917e-01 5.000000000000000000e+00
-2.273191489361702011e+00 5.000000000000000000e+00
-7.268085106382978777e-01 5.000000000000000000e+00
-5.000000000000000000e+00 8.340425531914893442e-01
-5.000000000000000000e+00 1.273191489361702011e+00
-4.224680851063829401e+00 5.000000000000000000e+00
-2.113191489361701869e+00 5.000000000000000000e+00
-5.000000000000000000e+00 2.621276595744681526e+00
-2.950638297872340665e+00 5.000000000000000000e+00
-5.000000000000000000e+00 1.256170212765957306e+00
-5.000000000000000000e+00 1.454468085106383590e+00
-2.644255319148935968e+00 5.000000000000000000e+00
-3.245957446808510394e+00 5.000000000000000000e+00
-5.000000000000000000e+00 3.879999999999999893e+00
-5.000000000000000000e+00 3.754042553191490050e+00
-5.000000000000000000e+00 1.182127659574468526e+00
-7.778723404255318830e-01 5.000000000000000000e+00
-3.663829787234042623e+00 5.000000000000000000e+00
