-2.594166666666666732e+00 5.000000000000000000e+00
-5.000000000000000000e+00 1.643333333333333535e+00
-6.708333333333332815e-01 5.000000000000000000e+00
-2.121666666666666590e+00 5.000000000000000000e+00
-6.075000000000000400e-01 5.000000000000000000e+00
-5.000000000000000000e+00 7.125000000000000222e-01
-5.000000000000000000e+00 1.142499999999999849e+00
-4.032499999999999751e+00 5.000000000000000000e+00
-1.964999999999999858e+00 5.000000000000000000e+00
-5.000000000000000000e+00 2.462500000000000799e+00
-2.785000000000000142e+00 5.000000000000000000e+00
-5.000000000000000000e+00 1.125833333333333020e+00
-5.000000000000000000e+00 1.320000000000000728e+00
-2.484999999999999876e+00 5.000000000000000000e+00
-3.074166666666666714e+00 5.000000000000000000e+00
-5.000000000000000000e+00 3.694999999999999840e+00
-5.000000000000000000e+00 3.571666666666667211e+00
-5.000000000000000000e+00 1.053333333333333677e+00
-6.575000000000000844e-01 5.000000000000000000e+00
-3.483333333333333393e+00 5.000000000000000000e+00
