-2.364040404040403942e+00 5.000000000000000000e+00
-5.000000000000000000e+00 1.442020202020202202e+00
-4.989898989898989279e-01 5.000000000000000000e+00
-1.905858585858585696e+00 5.000000000000000000e+00
-4.375757575757575624e-01 5.000000000000000000e+00
-5.000000000000000000e+00 5.393939393939394256e-01
-5.000000000000000000e+00 9.563636363636361937e-01
-3.758787878787878789e+00 5.000000000000000000e+00
-1.753939393939393909e+00 5.000000000000000000e+00
-5.000000000000000000e+00 2.236363636363636775e+00
-2.549090909090909296e+00 5.000000000000000000e+00
-5.000000000000000000e+00 9.402020202020200390e-01
-5.000000000000000000e+00 1.128484848484849090e+00
-2.258181818181818290e+00 5.000000000000000000e+00
-2.829494949494949285e+00 5.000000000000000000e+00
-5.000000000000000000e+00 3.431515151515151629e+00
-5.000000000000000000e+00 3.311919191919192595e+00
-5.000000000000000000e+00 8.698989898989902825e-01
-4.860606060606060819e-01 5.000000000000000000e+00
-3.226262626262626387e+00 5.000000000000000000e+00
