-5.000000000000000000e+00 1.384489795918367516e+00
-5.000000000000000000e+00 9.265306122448977444e-01
-5.000000000000000000e+00 3.374693877551020904e+00
-5.000000000000000000e+00 2.266122448979591919e+00
-2.610612244897959400e+00 5.000000000000000000e+00
-1.593469387755101829e+00 5.000000000000000000e+00
-5.000000000000000000e+00 1.131428571428571450e+00
-5.000000000000000000e+00 1.320000000000000062e+00
-5.000000000000000000e+00 1.772244897959183607e+00
-3.479183673469387728e+00 5.000000000000000000e+00
-5.000000000000000000e+00 3.544489795918368102e+00
-5.000000000000000000e+00 3.566530612244898091e+00
-5.000000000000000000e+00 7.224489795918372925e-01
-6.628571428571427004e-01 5.000000000000000000e+00
-1.247346938775510061e+00 5.000000000000000000e+00
-5.000000000000000000e+00 3.942857142857147390e-01
-1.093061224489795924e+00 5.000000000000000000e+00
-5.000000000000000000e+00 4.087346938775510807e+00
-5.583673469387755439e-01 5.000000000000000000e+00
-5.000000000000000000e+00 5.771428571428574017e-01
