-5.000000000000000000e+00 1.656170212765957661e+00
-5.000000000000000000e+00 1.178723404255318963e+00
-5.000000000000000000e+00 3.731063829787234276e+00
-5.000000000000000000e+00 2.575319148936170421e+00
-2.934468085106383128e+00 5.000000000000000000e+00
-1.874042553191489269e+00 5.000000000000000000e+00
-5.000000000000000000e+00 1.392340425531914727e+00
-5.000000000000000000e+00 1.588936170212766008e+00
-5.000000000000000000e+00 2.060425531914893860e+00
-3.839999999999999858e+00 5.000000000000000000e+00
-5.000000000000000000e+00 3.908085106382979568e+00
-5.000000000000000000e+00 3.931063829787234010e+00
-5.000000000000000000e+00 9.659574468085112553e-01
-9.038297872340423922e-01 5.000000000000000000e+00
-1.513191489361702002e+00 5.000000000000000000e+00
-5.000000000000000000e+00 6.238297872340430317e-01
-1.352340425531914914e+00 5.000000000000000000e+00
-5.000000000000000000e+00 4.474042553191489802e+00
-7.948936170212765884e-01 5.000000000000000000e+00
-5.000000000000000000e+00 8.144680851063832439e-01
