-5.000000000000000000e+00 1.800869565217391388e+00
-5.000000000000000000e+00 1.313043478260869534e+00
-5.000000000000000000e+00 3.920869565217391717e+00
-5.000000000000000000e+00 2.740000000000000213e+00
-3.106956521739130395e+00 5.000000000000000000e+00
-2.023478260869564949e+00 5.000000000000000000e+00
-5.000000000000000000e+00 1.531304347826086820e+00
-5.000000000000000000e+00 1.732173913043478120e+00
-5.000000000000000000e+00 2.213913043478260789e+00
-4.032173913043478386e+00 5.000000000000000000e+00
-5.000000000000000000e+00 4.101739130434783220e+00
-5.000000000000000000e+00 4.125217391304348169e+00
-5.000000000000000000e+00 1.095652173913044036e+00
-1.032173913043477942e+00 5.000000000000000000e+00
-1.654782608695652080e+00 5.000000000000000000e+00
-5.000000000000000000e+00 7.460869565217396193e-01
-1.490434782608695663e+00 5.000000000000000000e+00
-5.000000000000000000e+00 4.680000000000000604e+00
-9.208695652173913837e-01 5.000000000000000000e+00
-5.000000000000000000e+00 9.408695652173915125e-01
