-5.000000000000000000e+00 7.513600000000000279e+00
-5.000000000000000000e+00 6.615999999999999659e+00
-5.000000000000000000e+00 1.141440000000000055e+01
-5.000000000000000000e+00 9.241600000000000037e+00
-9.916800000000000281e+00 5.000000000000000000e+00
-7.923199999999999577e+00 5.000000000000000000e+00
-5.000000000000000000e+00 7.017599999999999838e+00
-5.000000000000000000e+00 7.387199999999999989e+00
-5.000000000000000000e+00 8.273600000000000065e+00
-1.161919999999999931e+01 5.000000000000000000e+00
-5.000000000000000000e+00 1.174719999999999942e+01
-5.000000000000000000e+00 1.179039999999999822e+01
-5.000000000000000000e+00 6.216000000000001080e+00
-6.099199999999999733e+00 5.000000000000000000e+00
-7.244799999999999685e+00 5.000000000000000000e+00
-5.000000000000000000e+00 5.572800000000000864e+00
-6.942399999999999238e+00 5.000000000000000000e+00
-5.000000000000000000e+00 1.281119999999999948e+01
-5.894400000000000972e+00 5.000000000000000000e+00
-5.000000000000000000e+00 5.931200000000000472e+00
