-5.000000000000000000e+00 1.320000000000000062e+00
-5.000000000000000000e+00 8.666666666666664742e-01
-5.000000000000000000e+00 3.290101010101010193e+00
-5.000000000000000000e+00 2.192727272727272858e+00
-2.533737373737373844e+00 5.000000000000000000e+00
-1.526868686868686709e+00 5.000000000000000000e+00
-5.000000000000000000e+00 1.069494949494949498e+00
-5.000000000000000000e+00 1.256161616161616257e+00
-5.000000000000000000e+00 1.703838383838383930e+00
-3.393535353535353849e+00 5.000000000000000000e+00
-5.000000000000000000e+00 3.458181818181818912e+00
-5.000000000000000000e+00 3.479999999999999982e+00
-5.000000000000000000e+00 6.646464646464651516e-01
-6.056565656565655598e-01 5.000000000000000000e+00
-1.184242424242424097e+00 5.000000000000000000e+00
-5.000000000000000000e+00 3.397979797979802097e-01
-1.031515151515151496e+00 5.000000000000000000e+00
-5.000000000000000000e+00 3.995555555555556193e+00
-5.022222222222222365e-01 5.000000000000000000e+00
-5.000000000000000000e+00 5.208080808080810531e-01
