-5.000000000000000000e+00 1.517500000000000071e+00
-5.000000000000000000e+00 1.049999999999999822e+00
-5.000000000000000000e+00 3.549166666666666803e+00
-5.000000000000000000e+00 2.417499999999999982e+00
-2.769166666666666998e+00 5.000000000000000000e+00
-1.730833333333333002e+00 5.000000000000000000e+00
-5.000000000000000000e+00 1.259166666666666545e+00
-5.000000000000000000e+00 1.451666666666666661e+00
-5.000000000000000000e+00 1.913333333333333330e+00
-3.655833333333333268e+00 5.000000000000000000e+00
-5.000000000000000000e+00 3.722500000000000586e+00
-5.000000000000000000e+00 3.745000000000000107e+00
-5.000000000000000000e+00 8.416666666666672292e-01
-7.808333333333331572e-01 5.000000000000000000e+00
-1.377499999999999947e+00 5.000000000000000000e+00
-5.000000000000000000e+00 5.066666666666671537e-01
-1.219999999999999973e+00 5.000000000000000000e+00
-5.000000000000000000e+00 4.276666666666667282e+00
-6.741666666666668029e-01 5.000000000000000000e+00
-5.000000000000000000e+00 6.933333333333335791e-01
