-5.000000000000000000e+00 1.952000000000000179e+00
-5.000000000000000000e+00 1.453333333333333144e+00
-5.000000000000000000e+00 4.119111111111111612e+00
-5.000000000000000000e+00 2.911999999999999922e+00
-3.287111111111111317e+00 5.000000000000000000e+00
-2.179555555555555468e+00 5.000000000000000000e+00
-5.000000000000000000e+00 1.676444444444444404e+00
-5.000000000000000000e+00 1.881777777777777771e+00
-5.000000000000000000e+00 2.374222222222222456e+00
-4.232888888888888701e+00 5.000000000000000000e+00
-5.000000000000000000e+00 4.304000000000000270e+00
-5.000000000000000000e+00 4.327999999999999403e+00
-5.000000000000000000e+00 1.231111111111111711e+00
-1.166222222222222049e+00 5.000000000000000000e+00
-1.802666666666666639e+00 5.000000000000000000e+00
-5.000000000000000000e+00 8.737777777777783195e-01
-1.634666666666666712e+00 5.000000000000000000e+00
-5.000000000000000000e+00 4.895111111111111413e+00
-1.052444444444444738e+00 5.000000000000000000e+00
-5.000000000000000000e+00 1.072888888888889003e+00
