-5.000000000000000000e+00 2.870638297872341038e+00
-1.229787234042553079e+00 5.000000000000000000e+00
-1.672340425531914754e+00 5.000000000000000000e+00
-5.000000000000000000e+00 3.854468085106383057e+00
-2.940425531914893753e+00 5.000000000000000000e+00
-8.927659574468080894e-01 5.000000000000000000e+00
-5.000000000000000000e+00 9.463829787234041557e-01
-5.000000000000000000e+00 4.425531914893622853e-01
-5.000000000000000000e+00 4.995744680851063602e-01
-4.426382978723403916e+00 5.000000000000000000e+00
-5.000000000000000000e+00 3.462978723404255721e+00
-5.000000000000000000e+00 4.791489361702130911e-01
-5.000000000000000000e+00 6.365957446808510056e-01
-2.023829787234042499e+00 5.000000000000000000e+00
-3.319148936170212671e+00 5.000000000000000000e+00
-5.000000000000000000e+00 1.759148936170213062e+00
-6.323404255319148293e-01 5.000000000000000000e+00
-3.244255319148936056e+00 5.000000000000000000e+00
-5.000000000000000000e+00 3.262978723404255099e+00
-3.992340425531914594e+00 5.000000000000000000e+00
