-5.000000000000000000e+00 2.473131313131313735e+00
-9.151515151515150492e-01 5.000000000000000000e+00
-1.335353535353535070e+00 5.000000000000000000e+00
-5.000000000000000000e+00 3.407272727272727231e+00
-2.539393939393939537e+00 5.000000000000000000e+00
-5.951515151515148760e-01 5.000000000000000000e+00
-5.000000000000000000e+00 6.460606060606060019e-01
-5.000000000000000000e+00 1.676767676767682291e-01
-5.000000000000000000e+00 2.218181818181818032e-01
-3.950303030303030205e+00 5.000000000000000000e+00
-5.000000000000000000e+00 3.035555555555556229e+00
-5.000000000000000000e+00 2.024242424242427285e-01
-5.000000000000000000e+00 3.519191919191919093e-01
-1.669090909090908958e+00 5.000000000000000000e+00
-2.898989898989898784e+00 5.000000000000000000e+00
-5.000000000000000000e+00 1.417777777777778025e+00
-3.478787878787878984e-01 5.000000000000000000e+00
-2.827878787878788103e+00 5.000000000000000000e+00
-5.000000000000000000e+00 2.845656565656565551e+00
-3.538181818181818095e+00 5.000000000000000000e+00
