-5.000000000000000000e+00 2.549387755102041186e+00
-9.755102040816325815e-01 5.000000000000000000e+00
-1.399999999999999911e+00 5.000000000000000000e+00
-5.000000000000000000e+00 3.493061224489796057e+00
-2.616326530612244738e+00 5.000000000000000000e+00
-6.522448979591833895e-01 5.000000000000000000e+00
-5.000000000000000000e+00 7.036734693877549907e-01
-5.000000000000000000e+00 2.204081632653066836e-01
-5.000000000000000000e+00 2.751020408163264985e-01
-4.041632653061224545e+00 5.000000000000000000e+00
-5.000000000000000000e+00 3.117551020408163787e+00
-5.000000000000000000e+00 2.555102040816329412e-01
-5.000000000000000000e+00 4.065306122448979487e-01
-1.737142857142856878e+00 5.000000000000000000e+00
-2.979591836734693633e+00 5.000000000000000000e+00
-5.000000000000000000e+00 1.483265306122449223e+00
-4.024489795918367308e-01 5.000000000000000000e+00
-2.907755102040816553e+00 5.000000000000000000e+00
-5.000000000000000000e+00 2.925714285714285712e+00
-3.625306122448979540e+00 5.000000000000000000e+00
