-5.000000000000000000e+00 9.796800000000001063e+00
-6.711999999999999744e+00 5.000000000000000000e+00
-7.544000000000000483e+00 5.000000000000000000e+00
-5.000000000000000000e+00 1.164639999999999986e+01
-9.928000000000000824e+00 5.000000000000000000e+00
-6.078399999999998471e+00 5.000000000000000000e+00
-5.000000000000000000e+00 6.179199999999999804e+00
-5.000000000000000000e+00 5.232000000000001094e+00
-5.000000000000000000e+00 5.339199999999999946e+00
-1.272159999999999869e+01 5.000000000000000000e+00
-5.000000000000000000e+00 1.091040000000000099e+01
-5.000000000000000000e+00 5.300800000000000622e+00
-5.000000000000000000e+00 5.596799999999999997e+00
-8.204799999999998761e+00 5.000000000000000000e+00
-1.064000000000000057e+01 5.000000000000000000e+00
-5.000000000000000000e+00 7.707200000000000273e+00
-5.588799999999999102e+00 5.000000000000000000e+00
-1.049920000000000009e+01 5.000000000000000000e+00
-5.000000000000000000e+00 1.053439999999999976e+01
-1.190559999999999974e+01 5.000000000000000000e+00
