-5.000000000000000000e+00 3.041739130434783167e+00
-1.365217391304347716e+00 5.000000000000000000e+00
-1.817391304347825809e+00 5.000000000000000000e+00
-5.000000000000000000e+00 4.046956521739129897e+00
-3.113043478260869357e+00 5.000000000000000000e+00
-1.020869565217390917e+00 5.000000000000000000e+00
-5.000000000000000000e+00 1.075652173913043352e+00
-5.000000000000000000e+00 5.608695652173918411e-01
-5.000000000000000000e+00 6.191304347826086518e-01
-4.631304347826086243e+00 5.000000000000000000e+00
-5.000000000000000000e+00 3.646956521739130874e+00
-5.000000000000000000e+00 5.982608695652176234e-01
-5.000000000000000000e+00 7.591304347826086651e-01
-2.176521739130434341e+00 5.000000000000000000e+00
-3.500000000000000000e+00 5.000000000000000000e+00
-5.000000000000000000e+00 1.906086956521739317e+00
-7.547826086956521685e-01 5.000000000000000000e+00
-3.423478260869565304e+00 5.000000000000000000e+00
-5.000000000000000000e+00 3.442608695652173978e+00
-4.187826086956521365e+00 5.000000000000000000e+00
