-5.000000000000000000e+00 2.706666666666666998e+00
-1.099999999999999867e+00 5.000000000000000000e+00
-1.533333333333333215e+00 5.000000000000000000e+00
-5.000000000000000000e+00 3.669999999999999929e+00
-2.774999999999999911e+00 5.000000000000000000e+00
-7.699999999999996847e-01 5.000000000000000000e+00
-5.000000000000000000e+00 8.224999999999998979e-01
-5.000000000000000000e+00 3.291666666666672736e-01
-5.000000000000000000e+00 3.850000000000000089e-01
-4.229999999999999538e+00 5.000000000000000000e+00
-5.000000000000000000e+00 3.286666666666667069e+00
-5.000000000000000000e+00 3.650000000000003242e-01
-5.000000000000000000e+00 5.191666666666666652e-01
-1.877499999999999947e+00 5.000000000000000000e+00
-3.145833333333333037e+00 5.000000000000000000e+00
-5.000000000000000000e+00 1.618333333333333623e+00
-5.150000000000000133e-01 5.000000000000000000e+00
-3.072500000000000231e+00 5.000000000000000000e+00
-5.000000000000000000e+00 3.090833333333333321e+00
-3.804999999999999716e+00 5.000000000000000000e+00
