-2.250909090909090970e+00 5.000000000000000000e+00
-1.043636363636363695e+00 5.000000000000000000e+00
-5.000000000000000000e+00 2.977777777777783630e-01
-5.000000000000000000e+00 3.170505050505050271e+00
-3.691717171717171730e+00 5.000000000000000000e+00
-3.326464646464646346e+00 5.000000000000000000e+00
-3.647272727272727444e+00 5.000000000000000000e+00
-5.000000000000000000e+00 2.430303030303030187e+00
-4.014949494949494380e+00 5.000000000000000000e+00
-2.021414141414141330e+00 5.000000000000000000e+00
-5.000000000000000000e+00 3.344242424242424683e+00
-2.371313131313131262e+00 5.000000000000000000e+00
-3.462222222222222534e+00 5.000000000000000000e+00
-5.000000000000000000e+00 7.276767676767675885e-01
-2.138585858585858368e+00 5.000000000000000000e+00
-4.044444444444444953e-01 5.000000000000000000e+00
-5.022222222222222365e-01 5.000000000000000000e+00
-5.000000000000000000e+00 3.937373737373738081e+00
-5.000000000000000000e+00 3.525252525252525526e+00
-9.709090909090909438e-01 5.000000000000000000e+00
