-2.636595744680851006e+00 5.000000000000000000e+00
-1.365106382978723554e+00 5.000000000000000000e+00
-5.000000000000000000e+00 5.795744680851069308e-01
-5.000000000000000000e+00 3.605106382978723545e+00
-4.154042553191489517e+00 5.000000000000000000e+00
-3.769361702127659530e+00 5.000000000000000000e+00
-4.107234042553191244e+00 5.000000000000000000e+00
-5.000000000000000000e+00 2.825531914893616658e+00
-4.494468085106382738e+00 5.000000000000000000e+00
-2.394893617021276455e+00 5.000000000000000000e+00
-5.000000000000000000e+00 3.788085106382979461e+00
-2.763404255319148906e+00 5.000000000000000000e+00
-3.912340425531914967e+00 5.000000000000000000e+00
-5.000000000000000000e+00 1.032340425531914629e+00
-2.518297872340425236e+00 5.000000000000000000e+00
-6.919148936170214093e-01 5.000000000000000000e+00
-7.948936170212765884e-01 5.000000000000000000e+00
-5.000000000000000000e+00 4.412765957446809217e+00
-5.000000000000000000e+00 3.978723404255319451e+00
-1.288510638297872379e+00 5.000000000000000000e+00
