-2.324897959183673368e+00 5.000000000000000000e+00
-1.105306122448979744e+00 5.000000000000000000e+00
-5.000000000000000000e+00 3.518367346938781615e-01
-5.000000000000000000e+00 3.253877551020408099e+00
-3.780408163265306154e+00 5.000000000000000000e+00
-3.411428571428571477e+00 5.000000000000000000e+00
-3.735510204081632590e+00 5.000000000000000000e+00
-5.000000000000000000e+00 2.506122448979591688e+00
-4.106938775510204032e+00 5.000000000000000000e+00
-2.093061224489796146e+00 5.000000000000000000e+00
-5.000000000000000000e+00 3.429387755102041524e+00
-2.446530612244897984e+00 5.000000000000000000e+00
-3.548571428571428932e+00 5.000000000000000000e+00
-5.000000000000000000e+00 7.861224489795917147e-01
-2.211428571428571299e+00 5.000000000000000000e+00
-4.595918367346939482e-01 5.000000000000000000e+00
-5.583673469387755439e-01 5.000000000000000000e+00
-5.000000000000000000e+00 4.028571428571429358e+00
-5.000000000000000000e+00 3.612244897959183909e+00
-1.031836734693877489e+00 5.000000000000000000e+00
