-2.975999999999999979e+00 5.000000000000000000e+00
-1.648000000000000131e+00 5.000000000000000000e+00
-5.000000000000000000e+00 8.275555555555561549e-01
-5.000000000000000000e+00 3.987555555555555298e+00
-4.560888888888888992e+00 5.000000000000000000e+00
-4.159111111111110759e+00 5.000000000000000000e+00
-4.512000000000000455e+00 5.000000000000000000e+00
-5.000000000000000000e+00 3.173333333333333339e+00
-4.916444444444444173e+00 5.000000000000000000e+00
-2.723555555555555507e+00 5.000000000000000000e+00
-5.000000000000000000e+00 4.178666666666667417e+00
-3.108444444444444343e+00 5.000000000000000000e+00
-4.308444444444444521e+00 5.000000000000000000e+00
-5.000000000000000000e+00 1.300444444444444292e+00
-2.852444444444444116e+00 5.000000000000000000e+00
-9.448888888888890003e-01 5.000000000000000000e+00
-1.052444444444444738e+00 5.000000000000000000e+00
-5.000000000000000000e+00 4.831111111111112244e+00
-5.000000000000000000e+00 4.377777777777778212e+00
-1.568000000000000060e+00 5.000000000000000000e+00
