-2.477500000000000036e+00 5.000000000000000000e+00
-1.232500000000000151e+00 5.000000000000000000e+00
-5.000000000000000000e+00 4.633333333333339299e-01
-5.000000000000000000e+00 3.425833333333333286e+00
-3.963333333333333375e+00 5.000000000000000000e+00
-3.586666666666666448e+00 5.000000000000000000e+00
-3.917499999999999982e+00 5.000000000000000000e+00
-5.000000000000000000e+00 2.662499999999999645e+00
-4.296666666666666856e+00 5.000000000000000000e+00
-2.240833333333333233e+00 5.000000000000000000e+00
-5.000000000000000000e+00 3.605000000000000426e+00
-2.601666666666666572e+00 5.000000000000000000e+00
-3.726666666666667016e+00 5.000000000000000000e+00
-5.000000000000000000e+00 9.066666666666665098e-01
-2.361666666666666359e+00 5.000000000000000000e+00
-5.733333333333333615e-01 5.000000000000000000e+00
-6.741666666666668029e-01 5.000000000000000000e+00
-5.000000000000000000e+00 4.216666666666667673e+00
-5.000000000000000000e+00 3.791666666666666963e+00
-1.157499999999999973e+00 5.000000000000000000e+00
