-5.000000000000000000e+00 3.458333333333333481e+00
-2.599166666666666625e+00 5.000000000000000000e+00
-5.000000000000000000e+00 2.065833333333333410e+00
-5.000000000000000000e+00 4.281666666666666288e+00
-5.000000000000000000e+00 3.492500000000000160e+00
-5.000000000000000000e+00 4.033333333333334103e+00
-5.000000000000000000e+00 3.741666666666669250e-01
-2.283333333333333215e+00 5.000000000000000000e+00
-2.640833333333333144e+00 5.000000000000000000e+00
-5.000000000000000000e+00 9.083333333333339921e-01
-5.000000000000000000e+00 4.115000000000000213e+00
-5.000000000000000000e+00 1.854166666666666741e+00
-5.000000000000000000e+00 3.962499999999999911e+00
-2.011666666666666714e+00 5.000000000000000000e+00
-5.000000000000000000e+00 7.425000000000003819e-01
-3.620833333333333126e+00 5.000000000000000000e+00
-5.000000000000000000e+00 1.780000000000000027e+00
-5.000000000000000000e+00 1.796666666666666634e+00
-5.000000000000000000e+00 3.911666666666666625e+00
-3.555833333333333179e+00 5.000000000000000000e+00
