-5.000000000000000000e+00 3.285714285714286031e+00
-2.444081632653061220e+00 5.000000000000000000e+00
-5.000000000000000000e+00 1.921632653061224438e+00
-5.000000000000000000e+00 4.092244897959183447e+00
-5.000000000000000000e+00 3.319183673469387585e+00
-5.000000000000000000e+00 3.848979591836735104e+00
-5.000000000000000000e+00 2.644897959183675762e-01
-2.134693877551020247e+00 5.000000000000000000e+00
-2.484897959183673510e+00 5.000000000000000000e+00
-5.000000000000000000e+00 7.877551020408168903e-01
-5.000000000000000000e+00 3.928979591836734730e+00
-5.000000000000000000e+00 1.714285714285714413e+00
-5.000000000000000000e+00 3.779591836734693899e+00
-1.868571428571428328e+00 5.000000000000000000e+00
-5.000000000000000000e+00 6.253061224489799841e-01
-3.444897959183673475e+00 5.000000000000000000e+00
-5.000000000000000000e+00 1.641632653061224412e+00
-5.000000000000000000e+00 1.657959183673469283e+00
-5.000000000000000000e+00 3.729795918367347252e+00
-3.381224489795918497e+00 5.000000000000000000e+00
