-5.000000000000000000e+00 4.022222222222222143e+00
-3.105777777777777526e+00 5.000000000000000000e+00
-5.000000000000000000e+00 2.536888888888888971e+00
-5.000000000000000000e+00 4.900444444444444159e+00
-5.000000000000000000e+00 4.058666666666666423e+00
-5.000000000000000000e+00 4.635555555555556317e+00
-5.000000000000000000e+00 7.324444444444446756e-01
-2.768888888888889177e+00 5.000000000000000000e+00
-3.150222222222222257e+00 5.000000000000000000e+00
-5.000000000000000000e+00 1.302222222222222836e+00
-5.000000000000000000e+00 4.722666666666667012e+00
-5.000000000000000000e+00 2.311111111111111338e+00
-5.000000000000000000e+00 4.560000000000000497e+00
-2.479111111111111043e+00 5.000000000000000000e+00
-5.000000000000000000e+00 1.125333333333333741e+00
-4.195555555555555038e+00 5.000000000000000000e+00
-5.000000000000000000e+00 2.231999999999999762e+00
-5.000000000000000000e+00 2.249777777777777654e+00
-5.000000000000000000e+00 4.505777777777778326e+00
-4.126222222222222236e+00 5.000000000000000000e+00
