-5.000000000000000000e+00 1.124000000000000199e+01
-9.590399999999998926e+00 5.000000000000000000e+00
-5.000000000000000000e+00 8.566399999999999793e+00
-5.000000000000000000e+00 1.282079999999999842e+01
-5.000000000000000000e+00 1.130559999999999832e+01
-5.000000000000000000e+00 1.234400000000000119e+01
-5.000000000000000000e+00 5.318400000000000460e+00
-8.983999999999999986e+00 5.000000000000000000e+00
-9.670400000000000773e+00 5.000000000000000000e+00
-5.000000000000000000e+00 6.344000000000001194e+00
-5.000000000000000000e+00 1.250079999999999814e+01
-5.000000000000000000e+00 8.160000000000000142e+00
-5.000000000000000000e+00 1.220799999999999841e+01
-8.462399999999998812e+00 5.000000000000000000e+00
-5.000000000000000000e+00 6.025600000000000733e+00
-1.155199999999999960e+01 5.000000000000000000e+00
-5.000000000000000000e+00 8.017599999999999838e+00
-5.000000000000000000e+00 8.049599999999999866e+00
-5.000000000000000000e+00 1.211039999999999850e+01
-1.142719999999999914e+01 5.000000000000000000e+00
