-5.000000000000000000e+00 3.202020202020201989e+00
-2.368888888888888822e+00 5.000000000000000000e+00
-5.000000000000000000e+00 1.851717171717171651e+00
-5.000000000000000000e+00 4.000404040404040629e+00
-5.000000000000000000e+00 3.235151515151515333e+00
-5.000000000000000000e+00 3.759595959595960046e+00
-5.000000000000000000e+00 2.113131313131315636e-01
-2.062626262626262807e+00 5.000000000000000000e+00
-2.409292929292929042e+00 5.000000000000000000e+00
-5.000000000000000000e+00 7.292929292929298812e-01
-5.000000000000000000e+00 3.838787878787878860e+00
-5.000000000000000000e+00 1.646464646464646631e+00
-5.000000000000000000e+00 3.690909090909090917e+00
-1.799191919191919009e+00 5.000000000000000000e+00
-5.000000000000000000e+00 5.684848484848488148e-01
-3.359595959595959247e+00 5.000000000000000000e+00
-5.000000000000000000e+00 1.574545454545454470e+00
-5.000000000000000000e+00 1.590707070707070736e+00
-5.000000000000000000e+00 3.641616161616161751e+00
-3.296565656565656699e+00 5.000000000000000000e+00
