-5.000000000000000000e+00 3.826086956521739246e+00
-2.929565217391304266e+00 5.000000000000000000e+00
-5.000000000000000000e+00 2.373043478260869588e+00
-5.000000000000000000e+00 4.685217391304347778e+00
-5.000000000000000000e+00 3.861739130434782563e+00
-5.000000000000000000e+00 4.426086956521739779e+00
-5.000000000000000000e+00 6.078260869565219604e-01
-2.600000000000000089e+00 5.000000000000000000e+00
-2.973043478260869676e+00 5.000000000000000000e+00
-5.000000000000000000e+00 1.165217391304348427e+00
-5.000000000000000000e+00 4.511304347826087024e+00
-5.000000000000000000e+00 2.152173913043478493e+00
-5.000000000000000000e+00 4.352173913043477782e+00
-2.316521739130434465e+00 5.000000000000000000e+00
-5.000000000000000000e+00 9.921739130434785725e-01
-3.995652173913043281e+00 5.000000000000000000e+00
-5.000000000000000000e+00 2.074782608695652009e+00
-5.000000000000000000e+00 2.092173913043477995e+00
-5.000000000000000000e+00 4.299130434782608923e+00
-3.927826086956521578e+00 5.000000000000000000e+00
