-4.737777777777777644e+00 5.000000000000000000e+00
-5.000000000000000000e+00 2.202666666666666995e+00
-5.000000000000000000e+00 4.401777777777778233e+00
-2.739555555555555522e+00 5.000000000000000000e+00
-3.324444444444444535e+00 5.000000000000000000e+00
-1.728888888888888919e+00 5.000000000000000000e+00
-3.081777777777777949e+00 5.000000000000000000e+00
-5.000000000000000000e+00 6.639999999999999236e-01
-5.000000000000000000e+00 1.586666666666666448e+00
-5.000000000000000000e+00 1.009777777777778107e+00
-5.000000000000000000e+00 1.435555555555555252e+00
-5.000000000000000000e+00 3.928888888888889319e+00
-1.650666666666666504e+00 5.000000000000000000e+00
-5.000000000000000000e+00 4.198222222222222300e+00
-4.539555555555555344e+00 5.000000000000000000e+00
-5.000000000000000000e+00 3.598222222222222655e+00
-5.000000000000000000e+00 2.415111111111111430e+00
-5.000000000000000000e+00 4.399111111111110972e+00
-2.096000000000000085e+00 5.000000000000000000e+00
-5.000000000000000000e+00 1.739555555555555522e+00
