-4.526086956521738536e+00 5.000000000000000000e+00
-5.000000000000000000e+00 2.046086956521739442e+00
-5.000000000000000000e+00 4.197391304347826591e+00
-2.571304347826086634e+00 5.000000000000000000e+00
-3.143478260869565055e+00 5.000000000000000000e+00
-1.582608695652174102e+00 5.000000000000000000e+00
-2.906086956521739317e+00 5.000000000000000000e+00
-5.000000000000000000e+00 5.408695652173911572e-01
-5.000000000000000000e+00 1.443478260869565100e+00
-5.000000000000000000e+00 8.791304347826089938e-01
-5.000000000000000000e+00 1.295652173913043104e+00
-5.000000000000000000e+00 3.734782608695652595e+00
-1.506086956521738962e+00 5.000000000000000000e+00
-5.000000000000000000e+00 3.998260869565217757e+00
-4.332173913043478208e+00 5.000000000000000000e+00
-5.000000000000000000e+00 3.411304347826087380e+00
-5.000000000000000000e+00 2.253913043478261269e+00
-5.000000000000000000e+00 4.194782608695652115e+00
-1.941739130434782634e+00 5.000000000000000000e+00
-5.000000000000000000e+00 1.593043478260869339e+00
