-4.129166666666666430e+00 5.000000000000000000e+00
-5.000000000000000000e+00 1.752500000000000169e+00
-5.000000000000000000e+00 3.814166666666667371e+00
-2.255833333333333357e+00 5.000000000000000000e+00
-2.804166666666666696e+00 5.000000000000000000e+00
-1.308333333333333348e+00 5.000000000000000000e+00
-2.576666666666666661e+00 5.000000000000000000e+00
-5.000000000000000000e+00 3.099999999999999423e-01
-5.000000000000000000e+00 1.174999999999999822e+00
-5.000000000000000000e+00 6.341666666666669894e-01
-5.000000000000000000e+00 1.033333333333333215e+00
-5.000000000000000000e+00 3.370833333333334014e+00
-1.234999999999999876e+00 5.000000000000000000e+00
-5.000000000000000000e+00 3.623333333333333961e+00
-3.943333333333333357e+00 5.000000000000000000e+00
-5.000000000000000000e+00 3.060833333333333961e+00
-5.000000000000000000e+00 1.951666666666667105e+00
-5.000000000000000000e+00 3.811666666666666536e+00
-1.652500000000000080e+00 5.000000000000000000e+00
-5.000000000000000000e+00 1.318333333333333357e+00
