-5.000000000000000000e+00 3.220444444444444887e+00
-1.506666666666666377e+00 5.000000000000000000e+00
-5.000000000000000000e+00 1.968888888888888911e+00
-5.000000000000000000e+00 4.248000000000000220e+00
-5.000000000000000000e+00 3.293333333333333446e+00
-1.154666666666666286e+00 5.000000000000000000e+00
-5.000000000000000000e+00 1.210666666666666558e+00
-5.000000000000000000e+00 6.844444444444450770e-01
-5.000000000000000000e+00 7.439999999999998836e-01
-4.845333333333332604e+00 5.000000000000000000e+00
-5.000000000000000000e+00 3.839111111111111807e+00
-5.000000000000000000e+00 7.226666666666670125e-01
-5.000000000000000000e+00 8.871111111111110725e-01
-2.335999999999999854e+00 5.000000000000000000e+00
-5.000000000000000000e+00 3.688888888888888662e+00
-5.000000000000000000e+00 2.059555555555555806e+00
-5.000000000000000000e+00 8.826666666666667105e-01
-3.610666666666666913e+00 5.000000000000000000e+00
-5.000000000000000000e+00 3.630222222222222239e+00
-4.391999999999999460e+00 5.000000000000000000e+00
