-5.000000000000000000e+00 2.802608695652173854e+00
-1.503478260869565375e+00 5.000000000000000000e+00
-5.000000000000000000e+00 7.008695652173919655e-01
-5.000000000000000000e+00 3.792173913043478173e+00
-5.000000000000000000e+00 4.353043478260869570e+00
-3.959999999999999964e+00 5.000000000000000000e+00
-5.000000000000000000e+00 4.305217391304347885e+00
-5.000000000000000000e+00 2.995652173913043281e+00
-5.000000000000000000e+00 4.700869565217391077e+00
-2.555652173913043335e+00 5.000000000000000000e+00
-5.000000000000000000e+00 3.979130434782609527e+00
-2.932173913043478297e+00 5.000000000000000000e+00
-5.000000000000000000e+00 4.106086956521739495e+00
-5.000000000000000000e+00 1.163478260869565073e+00
-5.000000000000000000e+00 2.681739130434782403e+00
-8.156521739130435655e-01 5.000000000000000000e+00
-5.000000000000000000e+00 9.208695652173913837e-01
-5.000000000000000000e+00 4.617391304347826519e+00
-5.000000000000000000e+00 4.173913043478261642e+00
-1.425217391304347769e+00 5.000000000000000000e+00
