-5.000000000000000000e+00 9.356799999999999784e+00
-6.966400000000000148e+00 5.000000000000000000e+00
-5.000000000000000000e+00 5.489600000000001145e+00
-5.000000000000000000e+00 1.117759999999999820e+01
-5.000000000000000000e+00 1.220960000000000178e+01
-1.148639999999999972e+01 5.000000000000000000e+00
-5.000000000000000000e+00 1.212160000000000082e+01
-5.000000000000000000e+00 9.711999999999999744e+00
-5.000000000000000000e+00 1.284959999999999880e+01
-8.902400000000000091e+00 5.000000000000000000e+00
-5.000000000000000000e+00 1.152159999999999940e+01
-9.595200000000000173e+00 5.000000000000000000e+00
-5.000000000000000000e+00 1.175520000000000209e+01
-5.000000000000000000e+00 6.340799999999999770e+00
-5.000000000000000000e+00 9.134399999999999409e+00
-5.700800000000000978e+00 5.000000000000000000e+00
-5.000000000000000000e+00 5.894400000000000972e+00
-5.000000000000000000e+00 1.269600000000000151e+01
-5.000000000000000000e+00 1.188000000000000256e+01
-6.822400000000000020e+00 5.000000000000000000e+00
