-5.000000000000000000e+00 3.638297872340425787e+00
-2.760851063829786955e+00 5.000000000000000000e+00
-5.000000000000000000e+00 2.216170212765957270e+00
-5.000000000000000000e+00 4.479148936170212814e+00
-5.000000000000000000e+00 3.673191489361702367e+00
-5.000000000000000000e+00 4.225531914893617902e+00
-5.000000000000000000e+00 4.885106382978725570e-01
-2.438297872340425609e+00 5.000000000000000000e+00
-5.000000000000000000e+00 2.803404255319148941e+00
-5.000000000000000000e+00 1.034042553191489855e+00
-5.000000000000000000e+00 4.308936170212765759e+00
-5.000000000000000000e+00 2.000000000000000000e+00
-5.000000000000000000e+00 4.153191489361701905e+00
-2.160851063829786867e+00 5.000000000000000000e+00
-5.000000000000000000e+00 8.646808510638301914e-01
-3.804255319148936110e+00 5.000000000000000000e+00
-5.000000000000000000e+00 1.924255319148936216e+00
-5.000000000000000000e+00 1.941276595744680922e+00
-5.000000000000000000e+00 4.101276595744680620e+00
-3.737872340425532069e+00 5.000000000000000000e+00
