-5.000000000000000000e+00 1.252799999999999869e+01
-5.000000000000000000e+00 7.964800000000000324e+00
-5.000000000000000000e+00 1.192320000000000135e+01
-8.931200000000000472e+00 5.000000000000000000e+00
-5.000000000000000000e+00 9.983999999999999986e+00
-7.112000000000000099e+00 5.000000000000000000e+00
-5.000000000000000000e+00 9.547200000000000131e+00
-5.000000000000000000e+00 5.195199999999999818e+00
-5.000000000000000000e+00 6.855999999999999872e+00
-5.000000000000000000e+00 5.817600000000000549e+00
-5.000000000000000000e+00 6.583999999999999631e+00
-5.000000000000000000e+00 1.107200000000000273e+01
-5.000000000000000000e+00 6.971199999999999619e+00
-5.000000000000000000e+00 1.155680000000000263e+01
-5.000000000000000000e+00 1.217119999999999891e+01
-5.000000000000000000e+00 1.047680000000000078e+01
-5.000000000000000000e+00 8.347200000000000841e+00
-5.000000000000000000e+00 1.191839999999999833e+01
-5.000000000000000000e+00 7.772800000000000153e+00
-5.000000000000000000e+00 7.131199999999999761e+00
