-5.000000000000000000e+00 3.942857142857142616e+00
-5.000000000000000000e+00 1.614693877551020673e+00
-5.000000000000000000e+00 3.634285714285714786e+00
-2.107755102040816286e+00 5.000000000000000000e+00
-5.000000000000000000e+00 2.644897959183673652e+00
-1.179591836734694033e+00 5.000000000000000000e+00
-5.000000000000000000e+00 2.422040816326530788e+00
-5.000000000000000000e+00 2.016326530612244095e-01
-5.000000000000000000e+00 1.048979591836734615e+00
-5.000000000000000000e+00 5.191836734693879851e-01
-5.000000000000000000e+00 9.102040816326528727e-01
-5.000000000000000000e+00 3.200000000000000622e+00
-5.000000000000000000e+00 1.107755102040816064e+00
-5.000000000000000000e+00 3.447346938775510683e+00
-5.000000000000000000e+00 3.760816326530612042e+00
-5.000000000000000000e+00 2.896326530612245431e+00
-5.000000000000000000e+00 1.809795918367347323e+00
-5.000000000000000000e+00 3.631836734693877577e+00
-5.000000000000000000e+00 1.516734693877550999e+00
-5.000000000000000000e+00 1.189387755102040645e+00
