-5.000000000000000000e+00 3.852525252525252242e+00
-5.000000000000000000e+00 1.547878787878788076e+00
-5.000000000000000000e+00 3.547070707070707929e+00
-2.035959595959595969e+00 5.000000000000000000e+00
-5.000000000000000000e+00 2.567676767676767557e+00
-1.117171717171717260e+00 5.000000000000000000e+00
-5.000000000000000000e+00 2.347070707070707307e+00
-5.000000000000000000e+00 1.490909090909089962e-01
-5.000000000000000000e+00 9.878787878787878007e-01
-5.000000000000000000e+00 4.634343434343436985e-01
-5.000000000000000000e+00 8.505050505050503196e-01
-5.000000000000000000e+00 3.117171717171717482e+00
-5.000000000000000000e+00 1.046060606060605913e+00
-5.000000000000000000e+00 3.362020202020202575e+00
-5.000000000000000000e+00 3.672323232323232212e+00
-5.000000000000000000e+00 2.816565656565657161e+00
-5.000000000000000000e+00 1.741010101010101341e+00
-5.000000000000000000e+00 3.544646464646464601e+00
-5.000000000000000000e+00 1.450909090909090926e+00
-5.000000000000000000e+00 1.126868686868686797e+00
