-5.000000000000000000e+00 4.323404255319148959e+00
-5.000000000000000000e+00 1.896170212765957652e+00
-5.000000000000000000e+00 4.001702127659575225e+00
-2.410212765957446379e+00 5.000000000000000000e+00
-5.000000000000000000e+00 2.970212765957446877e+00
-1.442553191489361897e+00 5.000000000000000000e+00
-5.000000000000000000e+00 2.737872340425532069e+00
-5.000000000000000000e+00 4.229787234042551858e-01
-5.000000000000000000e+00 1.306382978723404253e+00
-5.000000000000000000e+00 7.540425531914896062e-01
-5.000000000000000000e+00 1.161702127659574257e+00
-5.000000000000000000e+00 3.548936170212766417e+00
-5.000000000000000000e+00 1.367659574468084838e+00
-5.000000000000000000e+00 3.806808510638298504e+00
-5.000000000000000000e+00 4.133617021276595693e+00
-5.000000000000000000e+00 3.232340425531915251e+00
-5.000000000000000000e+00 2.099574468085106727e+00
-5.000000000000000000e+00 3.999148936170212831e+00
-5.000000000000000000e+00 1.794042553191489420e+00
-5.000000000000000000e+00 1.452765957446808365e+00
