-5.000000000000000000e+00 5.101010101010101216e+00
-5.101010101010101216e+00 5.000000000000000000e+00
-5.101010101010101216e+00 5.000000000000000000e+00
-5.000000000000000000e+00 5.101010101010101216e+00
-5.101010101010101216e+00 5.000000000000000000e+00
-5.101010101010101216e+00 5.000000000000000000e+00
-5.101010101010101216e+00 5.000000000000000000e+00
-5.000000000000000000e+00 5.101010101010101216e+00
-5.101010101010101216e+00 5.000000000000000000e+00
-5.101010101010101216e+00 5.000000000000000000e+00
-5.000000000000000000e+00 5.101010101010101216e+00
-5.000000000000000000e+00 5.101010101010101216e+00
-5.000000000000000000e+00 5.101010101010101216e+00
-5.101010101010101216e+00 5.000000000000000000e+00
-5.000000000000000000e+00 5.101010101010101216e+00
-5.000000000000000000e+00 5.101010101010101216e+00
-5.101010101010101216e+00 5.000000000000000000e+00
-5.101010101010101216e+00 5.000000000000000000e+00
-5.000000000000000000e+00 5.101010101010101216e+00
-5.000000000000000000e+00 5.101010101010101216e+00
