-5.638297872340425343e+00 5.000000000000000000e+00
-5.638297872340425343e+00 5.000000000000000000e+00
-5.638297872340425343e+00 5.000000000000000000e+00
-5.000000000000000000e+00 5.638297872340425343e+00
-5.638297872340425343e+00 5.000000000000000000e+00
-5.000000000000000000e+00 5.638297872340425343e+00
-5.638297872340425343e+00 5.000000000000000000e+00
-5.638297872340425343e+00 5.000000000000000000e+00
-5.000000000000000000e+00 5.638297872340425343e+00
-5.638297872340425343e+00 5.000000000000000000e+00
-5.638297872340425343e+00 5.000000000000000000e+00
-5.638297872340425343e+00 5.000000000000000000e+00
-5.000000000000000000e+00 5.638297872340425343e+00
-5.000000000000000000e+00 5.638297872340425343e+00
-5.000000000000000000e+00 5.638297872340425343e+00
-5.000000000000000000e+00 5.638297872340425343e+00
-5.638297872340425343e+00 5.000000000000000000e+00
-5.638297872340425343e+00 5.000000000000000000e+00
-5.638297872340425343e+00 5.000000000000000000e+00
-5.638297872340425343e+00 5.000000000000000000e+00
