-5.204081632653061007e+00 5.000000000000000000e+00
-5.204081632653061007e+00 5.000000000000000000e+00
-5.000000000000000000e+00 5.204081632653061007e+00
-5.000000000000000000e+00 5.204081632653061007e+00
-5.204081632653061007e+00 5.000000000000000000e+00
-5.204081632653061007e+00 5.000000000000000000e+00
-5.204081632653061007e+00 5.000000000000000000e+00
-5.204081632653061007e+00 5.000000000000000000e+00
-5.000000000000000000e+00 5.204081632653061007e+00
-5.204081632653061007e+00 5.000000000000000000e+00
-5.000000000000000000e+00 5.204081632653061007e+00
-5.000000000000000000e+00 5.204081632653061007e+00
-5.204081632653061007e+00 5.000000000000000000e+00
-5.204081632653061007e+00 5.000000000000000000e+00
-5.000000000000000000e+00 5.204081632653061007e+00
-5.000000000000000000e+00 5.204081632653061007e+00
-5.204081632653061007e+00 5.000000000000000000e+00
-5.000000000000000000e+00 5.204081632653061007e+00
-5.000000000000000000e+00 5.204081632653061007e+00
-5.000000000000000000e+00 5.204081632653061007e+00
