-6.111111111111110716e+00 5.000000000000000000e+00
-6.111111111111110716e+00 5.000000000000000000e+00
-5.000000000000000000e+00 6.111111111111110716e+00
-5.000000000000000000e+00 6.111111111111110716e+00
-6.111111111111110716e+00 5.000000000000000000e+00
-6.111111111111110716e+00 5.000000000000000000e+00
-6.111111111111110716e+00 5.000000000000000000e+00
-6.111111111111110716e+00 5.000000000000000000e+00
-5.000000000000000000e+00 6.111111111111110716e+00
-6.111111111111110716e+00 5.000000000000000000e+00
-5.000000000000000000e+00 6.111111111111110716e+00
-5.000000000000000000e+00 6.111111111111110716e+00
-6.111111111111110716e+00 5.000000000000000000e+00
-6.111111111111110716e+00 5.000000000000000000e+00
-5.000000000000000000e+00 6.111111111111110716e+00
-5.000000000000000000e+00 6.111111111111110716e+00
-6.111111111111110716e+00 5.000000000000000000e+00
-5.000000000000000000e+00 6.111111111111110716e+00
-5.000000000000000000e+00 6.111111111111110716e+00
-5.000000000000000000e+00 6.111111111111110716e+00
