-5.416666666666666963e+00 5.000000000000000000e+00
-5.416666666666666963e+00 5.000000000000000000e+00
-5.000000000000000000e+00 5.416666666666666963e+00
-5.000000000000000000e+00 5.416666666666666963e+00
-5.416666666666666963e+00 5.000000000000000000e+00
-5.416666666666666963e+00 5.000000000000000000e+00
-5.416666666666666963e+00 5.000000000000000000e+00
-5.416666666666666963e+00 5.000000000000000000e+00
-5.000000000000000000e+00 5.416666666666666963e+00
-5.416666666666666963e+00 5.000000000000000000e+00
-5.000000000000000000e+00 5.416666666666666963e+00
-5.000000000000000000e+00 5.416666666666666963e+00
-5.416666666666666963e+00 5.000000000000000000e+00
-5.416666666666666963e+00 5.000000000000000000e+00
-5.000000000000000000e+00 5.416666666666666963e+00
-5.000000000000000000e+00 5.416666666666666963e+00
-5.416666666666666963e+00 5.000000000000000000e+00
-5.000000000000000000e+00 5.416666666666666963e+00
-5.000000000000000000e+00 5.416666666666666963e+00
-5.000000000000000000e+00 5.416666666666666963e+00
