-5.000000000000000000e+00 5.869565217391304657e+00
-5.000000000000000000e+00 5.869565217391304657e+00
-5.000000000000000000e+00 5.869565217391304657e+00
-5.869565217391304657e+00 5.000000000000000000e+00
-5.869565217391304657e+00 5.000000000000000000e+00
-5.000000000000000000e+00 5.869565217391304657e+00
-5.000000000000000000e+00 5.869565217391304657e+00
-5.869565217391304657e+00 5.000000000000000000e+00
-5.000000000000000000e+00 5.869565217391304657e+00
-5.000000000000000000e+00 5.869565217391304657e+00
-5.000000000000000000e+00 5.869565217391304657e+00
-5.000000000000000000e+00 5.869565217391304657e+00
-5.869565217391304657e+00 5.000000000000000000e+00
-5.869565217391304657e+00 5.000000000000000000e+00
-5.000000000000000000e+00 5.869565217391304657e+00
-5.000000000000000000e+00 5.869565217391304657e+00
-5.869565217391304657e+00 5.000000000000000000e+00
-5.000000000000000000e+00 5.869565217391304657e+00
-5.000000000000000000e+00 5.869565217391304657e+00
-5.869565217391304657e+00 5.000000000000000000e+00
